Carpeta1/Areas.sdat
NCOLS 324
NROWS 426
XLLCORNER 863249.72
YLLCORNER 10088227
DX 10.025572
DY 10.022578
NODATA_VALUE -9999
[rows 232 to 260 of 426, columns 65 to 129 of 324]
-9999 -9999 -9999 -9999 -9999 -9999 -9999 -9999 -9999 -9999 -9999 -9999 -9999 -9999 -9999 -9999 -9999 -9999 -9999 -9999 -9999 -9999 -9999 -9999 -9999 -9999 747.67903 745.48719 743.29535 741.10351 738.91167 736.71983 734.52799 732.33615 730.14431 727.95247 725.76063 723.56879 721.37696 719.18512 716.99328 714.80144 712.6096 710.41776 708.22592 706.03408 703.84224 702.66742 704.53574 706.40406 708.27238 710.1407 712.00902 713.87734 715.74566 717.61398 719.4823 721.35062 723.21894 725.08726 726.95558 728.8239 730.69222 732.56054 734.42885
-9999 -9999 -9999 -9999 -9999 -9999 -9999 -9999 -9999 -9999 -9999 -9999 -9999 -9999 -9999 -9999 -9999 -9999 -9999 -9999 -9999 -9999 -9999 -9999 -9999 747.95761 745.76577 743.57393 741.38209 739.19025 736.99841 734.80657 732.61473 730.42289 728.23105 726.03921 723.84737 721.65553 719.46369 717.27185 715.08001 712.88817 710.69634 708.5045 706.31266 704.12082 704.41327 706.28159 708.14991 710.01823 711.88655 713.75487 715.62319 717.49151 719.35983 721.22815 723.09647 724.96478 726.8331 728.70142 730.56974 732.43806 734.30638 736.1747 738.04302
-9999 -9999 -9999 -9999 -9999 -9999 -9999 -9999 -9999 -9999 -9999 -9999 -9999 -9999 -9999 -9999 -9999 -9999 -9999 -9999 -9999 -9999 -9999 -9999 748.23618 746.04434 743.8525 741.66067 739.46883 737.27699 735.08515 732.89331 730.70147 728.50963 726.31779 724.12595 721.93411 719.74227 717.55043 715.35859 713.16675 710.97491 708.78307 706.59123 704.39939 706.15912 708.02744 709.89576 711.76408 713.6324 715.50071 717.36903 719.23735 721.10567 722.97399 724.84231 726.71063 728.57895 730.44727 732.31559 734.18391 736.05223 737.92055 739.78887 741.65719
-9999 -9999 -9999 -9999 -9999 -9999 -9999 -9999 -9999 -9999 -9999 -9999 -9999 -9999 -9999 -9999 -9999 -9999 -9999 -9999 -9999 -9999 -9999 748.51476 746.32292 744.13108 741.93924 739.7474 737.55556 735.36372 733.17188 730.98004 728.78821 726.59637 724.40453 722.21269 720.02085 717.82901 715.63717 713.44533 711.25349 709.06165 706.86981 706.03664 707.90496 709.77328 711.6416 713.50992 715.37824 717.24656 719.11488 720.9832 722.85152 724.71984 726.58816 728.45648 730.3248 732.19312 734.06144 735.92976 737.79808 739.6664 741.53472 743.40304 745.27136
-9999 -9999 -9999 -9999 -9999 -9999 -9999 -9999 -9999 -9999 -9999 -9999 -9999 -9999 -9999 -9999 -9999 -9999 -9999 -9999 -9999 -9999 748.79334 746.6015 744.40966 742.21782 740.02598 737.83414 735.6423 733.45046 731.25862 729.06678 726.87494 724.6831 722.49126 720.29942 718.10759 715.91575 713.72391 711.53207 709.34023 707.14839 707.78249 709.65081 711.51913 713.38745 715.25577 717.12409 718.99241 720.86073 722.72905 724.59737 726.46569 728.33401 730.20233 732.07065 733.93897 735.80729 737.6756 739.54392 741.41224 743.28056 745.14888 747.0172 748.1749
-9999 -9999 -9999 -9999 -9999 -9999 -9999 -9999 -9999 -9999 -9999 -9999 -9999 -9999 -9999 -9999 -9999 -9999 -9999 -9999 -9999 749.07192 746.88008 744.68824 742.4964 740.30456 738.11272 735.92088 733.72904 731.5372 729.34536 727.15352 724.96168 722.76984 720.578 718.38616 716.19432 714.00248 711.81064 709.6188 707.66002 709.52834 711.39666 713.26498 715.1333 717.00162 718.86994 720.73826 722.60658 724.4749 726.34322 728.21153 730.07985 731.94817 733.81649 735.68481 737.55313 739.42145 741.28977 743.15809 745.02641 746.89473 748.18277 748.19605 748.20932
-9999 -9999 -9999 -9999 -9999 -9999 -9999 -9999 -9999 -9999 -9999 -9999 -9999 -9999 -9999 -9999 -9999 -9999 -9999 -9999 -9999 747.15865 744.96681 742.77497 740.58313 738.39129 736.19946 734.00762 731.81578 729.62394 727.4321 725.24026 723.04842 720.85658 718.66474 716.4729 714.28106 712.08922 709.89738 709.40587 711.27419 713.14251 715.01083 716.87915 718.74746 720.61578 722.4841 724.35242 726.22074 728.08906 729.95738 731.8257 733.69402 735.56234 737.43066 739.29898 741.1673 743.03562 744.90394 746.77226 748.19064 748.20392 748.21719 748.23047 748.24374
-9999 -9999 -9999 -9999 -9999 -9999 -9999 -9999 -9999 -9999 -9999 -9999 -9999 -9999 -9999 -9999 -9999 -9999 -9999 -9999 747.43723 745.24539 743.05355 740.86171 738.66987 736.47803 734.28619 732.09435 729.90251 727.71067 725.51884 723.327 721.13516 718.94332 716.75148 714.55964 712.3678 710.17596 711.15171 713.02003 714.88835 716.75667 718.62499 720.49331 722.36163 724.22995 726.09827 727.96659 729.83491 731.70323 733.57155 735.43987 737.30819 739.17651 741.04483 742.91315 744.78147 746.64979 748.19851 748.21179 748.22506 748.23834 748.25161 748.26489 748.27816
-9999 -9999 -9999 -9999 -9999 -9999 -9999 -9999 -9999 -9999 -9999 -9999 -9999 -9999 -9999 -9999 -9999 -9999 -9999 747.71581 745.52397 743.33213 741.14029 738.94845 736.75661 734.56477 732.37293 730.18109 727.98925 725.79741 723.60557 721.41373 719.22189 717.03005 714.83821 712.64638 711.02924 712.89756 714.76588 716.6342 718.50252 720.37084 722.23916 724.10748 725.9758 727.84412 729.71244 731.58076 733.44908 735.3174 737.18572 739.05403 740.92235 742.79067 744.65899 746.52731 748.20639 748.21966 748.23294 748.24621 748.25948 748.27276 748.28603 748.29931 748.31258
-9999 -9999 -9999 -9999 -9999 -9999 -9999 -9999 -9999 -9999 -9999 -9999 -9999 -9999 -9999 -9999 -9999 -9999 747.99438 745.80255 743.61071 741.41887 739.22703 737.03519 734.84335 732.65151 730.45967 728.26783 726.07599 723.88415 721.69231 719.50047 717.30863 715.11679 712.92495 712.77509 714.64341 716.51173 718.38005 720.24837 722.11669 723.98501 725.85333 727.72165 729.58996 731.45828 733.3266 735.19492 737.06324 738.93156 740.79988 742.6682 744.53652 746.40484 748.21426 748.22753 748.24081 748.25408 748.26736 748.28063 748.29391 748.30718 748.32045 748.33373 748.347
-9999 -9999 -9999 -9999 -9999 -9999 -9999 -9999 -9999 -9999 -9999 -9999 -9999 -9999 -9999 -9999 -9999 748.27296 746.08112 743.88928 741.69744 739.5056 737.31376 735.12192 732.93009 730.73825 728.54641 726.35457 724.16273 721.97089 719.77905 717.58721 715.39537 713.20353 714.52094 716.38926 718.25758 720.12589 721.99421 723.86253 725.73085 727.59917 729.46749 731.33581 733.20413 735.07245 736.94077 738.80909 740.67741 742.54573 744.41405 746.28237 748.15069 748.2354 748.24868 748.26195 748.27523 748.2885 748.30178 748.31505 748.32833 748.3416 748.35488 748.36815 748.38143
-9999 -9999 -9999 -9999 -9999 -9999 -9999 -9999 -9999 -9999 -9999 -9999 -9999 -9999 -9999 -9999 748.55154 746.3597 744.16786 741.97602 739.78418 737.59234 735.4005 733.20866 731.01682 728.82498 726.63314 724.4413 722.24947 720.05763 717.86579 715.67395 714.39846 716.26678 718.1351 720.00342 721.87174 723.74006 725.60838 727.4767 729.34502 731.21334 733.08166 734.94998 736.8183 738.68662 740.55494 742.42326 744.29158 746.1599 748.02822 748.24328 748.25655 748.26982 748.2831 748.29637 748.30965 748.32292 748.3362 748.34947 748.36275 748.37602 748.3893 748.40257 748.41585
-9999 -9999 -9999 -9999 -9999 -9999 -9999 -9999 -9999 -9999 -9999 -9999 -9999 -9999 -9999 748.83012 746.63828 744.44644 742.2546 740.06276 737.87092 735.67908 733.48724 731.2954 729.10356 726.91172 724.71988 722.52804 720.3362 718.14436 715.95252 716.14431 718.01263 719.88095 721.74927 723.61759 725.48591 727.35423 729.22255 731.09087 732.95919 734.82751 736.69583 738.56415 740.43247 742.30078 744.1691 746.03742 747.90574 748.25115 748.26442 748.2777 748.29097 748.30425 748.31752 748.33079 748.34407 748.35734 748.37062 748.38389 748.39717 748.41044 748.42372 748.43699 748.45027
-9999 -9999 -9999 -9999 -9999 -9999 -9999 -9999 -9999 -9999 -9999 -9999 -9999 -9999 -9999 746.91685 744.72501 742.53317 740.34134 738.1495 735.95766 733.76582 731.57398 729.38214 727.1903 724.99846 722.80662 720.61478 718.42294 716.2311 717.89016 719.75848 721.6268 723.49512 725.36344 727.23176 729.10008 730.9684 732.83671 734.70503 736.57335 738.44167 740.30999 742.17831 744.04663 745.91495 747.78327 748.25902 748.27229 748.28557 748.29884 748.31212 748.32539 748.33867 748.35194 748.36522 748.37849 748.39177 748.40504 748.41831 748.43159 748.44486 748.45814 748.47141 748.48469
-9999 -9999 -9999 -9999 -9999 -9999 -9999 -9999 -9999 -9999 -9999 -9999 -9999 -9999 747.19543 745.00359 742.81175 740.61991 738.42807 736.23623 734.04439 731.85255 729.66072 727.46888 725.27704 723.0852 720.89336 718.70152 717.76769 719.63601 721.50433 723.37264 725.24096 727.10928 728.9776 730.84592 732.71424 734.58256 736.45088 738.3192 740.18752 742.05584 743.92416 745.79248 747.6608 748.26689 748.28016 748.29344 748.30671 748.31999 748.33326 748.34654 748.35981 748.37309 748.38636 748.39964 748.41291 748.42619 748.43946 748.45274 748.46601 748.47928 748.49256 748.50583 748.51911
-9999 -9999 -9999 -9999 -9999 -9999 -9999 -9999 -9999 -9999 -9999 -9999 -9999 747.47401 745.28217 743.09033 740.89849 738.70665 736.51481 734.32297 732.13113 729.93929 727.74745 725.55561 723.36377 721.17193 718.98009 719.51353 721.38185 723.25017 725.11849 726.98681 728.85513 730.72345 732.59177 734.46009 736.32841 738.19673 740.06505 741.93337 743.80169 745.67001 747.53833 748.27476 748.28804 748.30131 748.31459 748.32786 748.34113 748.35441 748.36768 748.38096 748.39423 748.40751 748.42078 748.43406 748.44733 748.46061 748.47388 748.48716 748.50043 748.51371 748.52698 749.39889 750.29342
-9999 -9999 -9999 -9999 -9999 -9999 -9999 -9999 -9999 -9999 -9999 -9999 747.75259 745.56075 743.36891 741.17707 738.98523 736.79339 734.60155 732.40971 730.21787 728.02603 725.83419 723.64235 721.45051 719.39106 721.25938 723.1277 724.99602 726.86434 728.73266 730.60098 732.4693 734.33762 736.20594 738.07426 739.94258 741.8109 743.67921 745.54753 747.41585 748.28263 748.29591 748.30918 748.32246 748.33573 748.34901 748.36228 748.37556 748.38883 748.40211 748.41538 748.42865 748.44193 748.4552 748.46848 748.48175 748.49503 748.5083 748.52158 749.06265 749.95719 750.85172 751.74626 752.6408
-9999 -9999 -9999 -9999 -9999 -9999 -9999 -9999 -9999 -9999 -9999 748.03116 745.83932 743.64748 741.45564 739.2638 737.07197 734.88013 732.68829 730.49645 728.30461 726.11277 723.92093 721.72909 721.13691 723.00523 724.87355 726.74187 728.61019 730.47851 732.34683 734.21514 736.08346 737.95178 739.8201 741.68842 743.55674 745.42506 747.29338 748.2905 748.30378 748.31705 748.33033 748.3436 748.35688 748.37015 748.38343 748.3967 748.40998 748.42325 748.43653 748.4498 748.46308 748.47635 748.48962 748.5029 748.51617 748.72641 749.62095 750.51549 751.41003 752.30456 753.1991 754.09364 754.98818
-9999 -9999 -9999 -9999 -9999 -9999 -9999 -9999 -9999 -9999 748.30974 746.1179 743.92606 741.73422 739.54238 737.35054 735.1587 732.96686 730.77502 728.58318 726.39135 724.19951 722.00767 722.88276 724.75107 726.61939 728.48771 730.35603 732.22435 734.09267 735.96099 737.82931 739.69763 741.56595 743.43427 745.30259 747.17091 748.29838 748.31165 748.32493 748.3382 748.35147 748.36475 748.37802 748.3913 748.40457 748.41785 748.43112 748.4444 748.45767 748.47095 748.48422 748.4975 748.51077 748.52405 749.28471 750.17925 751.07379 751.96833 752.86286 753.7574 754.65194 755.54648 756.43804 755.88061
-9999 -9999 -9999 -9999 -9999 -9999 -9999 -9999 -9999 748.58832 746.39648 744.20464 742.0128 739.82096 737.62912 735.43728 733.24544 731.0536 728.86176 726.66992 724.47808 722.76028 724.6286 726.49692 728.36524 730.23356 732.10188 733.9702 735.83852 737.70684 739.57516 741.44348 743.3118 745.18012 747.04844 748.30625 748.31952 748.3328 748.34607 748.35935 748.37262 748.3859 748.39917 748.41245 748.42572 748.43899 748.45227 748.46554 748.47882 748.49209 748.50537 748.51864 748.94847 749.84301 750.73755 751.63209 752.52663 753.42116 754.3157 755.21024 756.10478 756.62921 756.07178 755.51435 754.95691
-9999 -9999 -9999 -9999 -9999 -9999 -9999 -9999 748.86689 746.67505 744.48322 742.29138 740.09954 737.9077 735.71586 733.52402 731.33218 729.14034 726.9485 724.75666 724.50613 726.37445 728.24277 730.11109 731.97941 733.84773 735.71605 737.58437 739.45269 741.32101 743.18933 745.05764 746.92596 748.31412 748.32739 748.34067 748.35394 748.36722 748.38049 748.39377 748.40704 748.42032 748.43359 748.44687 748.46014 748.47342 748.48669 748.49996 748.51324 748.61223 749.50677 750.40131 751.29585 752.19039 753.08493 753.97947 754.874 755.76854 756.66308 756.82039 756.26296 755.70552 755.14809 754.59065 754.03322
-9999 -9999 -9999 -9999 -9999 -9999 -9999 -9999 746.95363 744.76179 742.56995 740.37811 738.18627 735.99443 733.8026 731.61076 729.41892 727.22708 725.03524 726.25198 728.1203 729.98862 731.85694 733.72526 735.59358 737.46189 739.33021 741.19853 743.06685 744.93517 746.80349 748.32199 748.33527 748.34854 748.36181 748.37509 748.38836 748.40164 748.41491 748.42819 748.44146 748.45474 748.46801 748.48129 748.49456 748.50784 748.52111 749.17053 750.06507 750.95961 751.85415 752.74869 753.64323 754.53777 755.4323 756.32684 757.22138 757.01156 756.45413 755.8967 755.33926 754.78183 754.2244 753.66696 752.99471
-9999 -9999 -9999 -9999 -9999 -9999 -9999 747.23221 745.04037 742.84853 740.65669 738.46485 736.27301 734.08117 731.88933 729.69749 727.50565 726.12951 727.99782 729.86614 731.73446 733.60278 735.4711 737.33942 739.20774 741.07606 742.94438 744.8127 746.68102 748.32986 748.34314 748.35641 748.36969 748.38296 748.39624 748.40951 748.42279 748.43606 748.44933 748.46261 748.47588 748.48916 748.50243 748.51571 748.83429 749.72883 750.62337 751.51791 752.41245 753.30699 754.20153 755.09607 755.9906 756.88514 757.76017 757.20274 756.6453 756.08787 755.53044 754.973 754.41557 753.85814 753.19364 752.30867 751.42371
-9999 -9999 -9999 -9999 -9999 -9999 747.51079 745.31895 743.12711 740.93527 738.74343 736.55159 734.35975 732.16791 729.97607 727.78423 727.87535 729.74367 731.61199 733.48031 735.34863 737.21695 739.08527 740.95359 742.82191 744.69023 746.55855 748.33773 748.35101 748.36428 748.37756 748.39083 748.40411 748.41738 748.43066 748.44393 748.45721 748.47048 748.48376 748.49703 748.5103 748.52358 749.39259 750.28713 751.18167 752.07621 752.97075 753.86529 754.75983 755.65437 756.5489 757.44344 757.95135 757.39391 756.83648 756.27905 755.72161 755.16418 754.60675 754.04931 753.39257 752.50761 751.62264 750.73768 749.85271
-9999 -9999 -9999 -9999 -9999 747.78936 745.59752 743.40568 741.21385 739.02201 736.83017 734.63833 732.44649 730.25465 728.06281 729.6212 731.48952 733.35784 735.22616 737.09448 738.9628 740.83112 742.69944 744.56776 746.43608 748.30439 748.35888 748.37215 748.38543 748.3987 748.41198 748.42525 748.43853 748.4518 748.46508 748.47835 748.49163 748.5049 748.51818 749.05635 749.95089 750.84543 751.73997 752.63451 753.52905 754.42359 755.31813 756.21267 757.10721 758.00174 758.14252 757.58509 757.02765 756.47022 755.91279 755.35535 754.79792 754.24049 753.59151 752.70654 751.82158 750.93661 750.05165 749.16668 748.28172
-9999 -9999 -9999 -9999 748.06794 745.8761 743.68426 741.49242 739.30058 737.10874 734.9169 732.72506 730.53322 729.49873 731.36705 733.23537 735.10369 736.97201 738.84032 740.70864 742.57696 744.44528 746.3136 748.18192 748.36675 748.38003 748.3933 748.40658 748.41985 748.43313 748.4464 748.45967 748.47295 748.48622 748.4995 748.51277 748.72011 749.61465 750.50919 751.40373 752.29827 753.19281 754.08735 754.98189 755.87643 756.77097 757.66551 758.56004 758.3337 757.77626 757.21883 756.6614 756.10396 755.54653 754.98909 754.43166 753.79044 752.90548 752.02051 751.13554 750.25058 749.36561 748.48065 747.59568 746.71072
-9999 -9999 -9999 748.34652 746.15468 743.96284 741.771 739.57916 737.38732 735.19548 733.00364 730.8118 731.24457 733.11289 734.98121 736.84953 738.71785 740.58617 742.45449 744.32281 746.19113 748.05945 748.37462 748.3879 748.40117 748.41445 748.42772 748.441 748.45427 748.46755 748.48082 748.4941 748.50737 748.52064 749.27841 750.17295 751.06749 751.96203 752.85657 753.75111 754.64565 755.54019 756.43473 757.32927 758.22381 759.08231 758.52487 757.96744 757.41 756.85257 756.29514 755.7377 755.18027 754.62284 753.98937 753.10441 752.21944 751.33448 750.44951 749.56455 748.67958 747.79462 746.90965 746.02469 745.13972
-9999 -9999 748.6251 746.43326 744.24142 742.04958 739.85774 737.6659 735.47406 733.28222 731.1221 732.99042 734.85874 736.72706 738.59538 740.4637 742.33202 744.20034 746.06866 747.93698 748.38249 748.39577 748.40904 748.42232 748.43559 748.44887 748.46214 748.47542 748.48869 748.50197 748.51524 748.94218 749.83671 750.73125 751.62579 752.52033 753.41487 754.30941 755.20395 756.09849 756.99303 757.88757 758.78211 759.27348 758.71605 758.15861 757.60118 757.04375 756.48631 755.92888 755.37144 754.81401 754.18831 753.30334 752.41838 751.53341 750.64845 749.76348 748.87852 747.99355 747.10858 746.22362 745.33865 744.45369 743.56872
-9999 -9999 746.71183 744.51999 742.32815 740.13631 737.94448 735.75264 733.5608 732.86795 734.73627 736.60459 738.47291 740.34123 742.20955 744.07787 745.94619 747.81451 748.39037 748.40364 748.41692 748.43019 748.44346 748.45674 748.47001 748.48329 748.49656 748.50984 748.60594 749.50048 750.39501 751.28955 752.18409 753.07863 753.97317 754.86771 755.76225 756.65679 757.55133 758.44587 759.34041 759.46465 758.90722 758.34979 757.79235 757.23492 756.67749 756.12005 755.56262 755.00519 754.38724 753.50228 752.61731 751.73235 750.84738 749.96241 749.07745 748.19248 747.30752 746.42255 745.53759 744.65262 743.76766 742.88269 742.00549
