Carpeta1/Areas.sdat
NCOLS 324
NROWS 426
XLLCORNER 863249.72
YLLCORNER 10088227
DX 10.025572
DY 10.022578
NODATA_VALUE -9999
[rows 174 to 202 of 426, columns 130 to 194 of 324]
-9999 -9999 -9999 -9999 -9999 -9999 -9999 -9999 -9999 -9999 -9999 749.05627 746.86443 744.67259 742.48075 740.28891 738.09707 735.90523 733.71339 731.52155 729.32971 727.13787 724.94603 722.75419 720.56235 718.37051 716.17867 713.98684 711.795 709.60316 707.41132 705.21948 703.02764 700.8358 698.64396 696.45212 694.26028 692.06844 689.8766 687.68476 685.49292 683.30108 681.10924 678.9174 676.72556 674.53372 672.34188 670.15005 667.95821 665.76637 663.57453 661.38269 659.19085 656.99901 654.80717 652.61533 650.42349 648.23165 646.03981 643.84797 641.65613 640.643 642.51131 644.37963 646.24795
-9999 -9999 -9999 -9999 -9999 -9999 -9999 -9999 -9999 -9999 749.33484 747.143 744.95117 742.75933 740.56749 738.37565 736.18381 733.99197 731.80013 729.60829 727.41645 725.22461 723.03277 720.84093 718.64909 716.45725 714.26541 712.07357 709.88173 707.68989 705.49805 703.30622 701.11438 698.92254 696.7307 694.53886 692.34702 690.15518 687.96334 685.7715 683.57966 681.38782 679.19598 677.00414 674.8123 672.62046 670.42862 668.23678 666.04494 663.8531 661.66126 659.46943 657.27759 655.08575 652.89391 650.70207 648.51023 646.31839 644.12655 641.93471 642.38884 644.25716 646.12548 647.9938 649.86212
-9999 -9999 -9999 -9999 -9999 -9999 -9999 -9999 -9999 749.61342 747.42158 745.22974 743.0379 740.84606 738.65422 736.46238 734.27055 732.07871 729.88687 727.69503 725.50319 723.31135 721.11951 718.92767 716.73583 714.54399 712.35215 710.16031 707.96847 705.77663 703.58479 701.39295 699.20111 697.00927 694.81743 692.62559 690.43376 688.24192 686.05008 683.85824 681.6664 679.47456 677.28272 675.09088 672.89904 670.7072 668.51536 666.32352 664.13168 661.93984 659.748 657.55616 655.36432 653.17248 650.98064 648.7888 646.59697 644.40513 642.26637 644.13469 646.00301 647.87133 649.73965 651.60797 653.47629
-9999 -9999 -9999 -9999 -9999 -9999 -9999 -9999 749.892 747.70016 745.50832 743.31648 741.12464 738.9328 736.74096 734.54912 732.35728 730.16544 727.9736 725.78176 723.58992 721.39809 719.20625 717.01441 714.82257 712.63073 710.43889 708.24705 706.05521 703.86337 701.67153 699.47969 697.28785 695.09601 692.90417 690.71233 688.52049 686.32865 684.13681 681.94497 679.75314 677.5613 675.36946 673.17762 670.98578 668.79394 666.6021 664.41026 662.21842 660.02658 657.83474 655.6429 653.45106 651.25922 649.06738 646.87554 644.6837 644.01222 645.88054 647.74886 649.61718 651.4855 653.35382 655.22213 657.09045
-9999 -9999 -9999 -9999 -9999 -9999 -9999 750.17058 747.97874 745.7869 743.59506 741.40322 739.21138 737.01954 734.8277 732.63586 730.44402 728.25218 726.06034 723.8685 721.67666 719.48482 717.29298 715.10114 712.9093 710.71747 708.52563 706.33379 704.14195 701.95011 699.75827 697.56643 695.37459 693.18275 690.99091 688.79907 686.60723 684.41539 682.22355 680.03171 677.83987 675.64803 673.45619 671.26435 669.07251 666.88068 664.68884 662.497 660.30516 658.11332 655.92148 653.72964 651.5378 649.34596 647.15412 644.96228 645.75806 647.62638 649.4947 651.36302 653.23134 655.09966 656.96798 658.8363 660.70462
-9999 -9999 -9999 -9999 -9999 -9999 -9999 748.25731 746.06547 743.87363 741.6818 739.48996 737.29812 735.10628 732.91444 730.7226 728.53076 726.33892 724.14708 721.95524 719.7634 717.57156 715.37972 713.18788 710.99604 708.8042 706.61236 704.42052 702.22868 700.03684 697.84501 695.65317 693.46133 691.26949 689.07765 686.88581 684.69397 682.50213 680.31029 678.11845 675.92661 673.73477 671.54293 669.35109 667.15925 664.96741 662.77557 660.58373 658.39189 656.20005 654.00822 651.81638 649.62454 647.4327 645.63559 647.50391 649.37223 651.24055 653.10887 654.97719 656.84551 658.71383 660.58215 662.45047 664.31879
-9999 -9999 -9999 -9999 -9999 -9999 748.53589 746.34405 744.15221 741.96037 739.76853 737.57669 735.38485 733.19301 731.00118 728.80934 726.6175 724.42566 722.23382 720.04198 717.85014 715.6583 713.46646 711.27462 709.08278 706.89094 704.6991 702.50726 700.31542 698.12358 695.93174 693.7399 691.54806 689.35622 687.16439 684.97255 682.78071 680.58887 678.39703 676.20519 674.01335 671.82151 669.62967 667.43783 665.24599 663.05415 660.86231 658.67047 656.47863 654.28679 652.09495 649.90311 647.71127 647.38144 649.24976 651.11808 652.9864 654.85472 656.72304 658.59136 660.45968 662.328 664.19632 666.06463 667.93295
-9999 -9999 -9999 -9999 -9999 748.81447 746.62263 744.43079 742.23895 740.04711 737.85527 735.66343 733.47159 731.27975 729.08791 726.89607 724.70423 722.51239 720.32055 718.12872 715.93688 713.74504 711.5532 709.36136 707.16952 704.97768 702.78584 700.594 698.40216 696.21032 694.01848 691.82664 689.6348 687.44296 685.25112 683.05928 680.86744 678.6756 676.48376 674.29193 672.10009 669.90825 667.71641 665.52457 663.33273 661.14089 658.94905 656.75721 654.56537 652.37353 650.18169 647.98985 649.12729 650.99561 652.86393 654.73225 656.60056 658.46888 660.3372 662.20552 664.07384 665.94216 667.81048 669.6788 671.54712
-9999 -9999 -9999 -9999 749.09305 746.90121 744.70937 742.51753 740.32569 738.13385 735.94201 733.75017 731.55833 729.36649 727.17465 724.98281 722.79097 720.59913 718.40729 716.21545 714.02361 711.83177 709.63993 707.44809 705.25626 703.06442 700.87258 698.68074 696.4889 694.29706 692.10522 689.91338 687.72154 685.5297 683.33786 681.14602 678.95418 676.76234 674.5705 672.37866 670.18682 667.99498 665.80314 663.61131 661.41947 659.22763 657.03579 654.84395 652.65211 650.46027 649.00481 650.87313 652.74145 654.60977 656.47809 658.34641 660.21473 662.08305 663.95137 665.81969 667.68801 669.55633 671.42465 673.29297 675.16129
-9999 -9999 -9999 749.37162 747.17978 744.98794 742.7961 740.60426 738.41243 736.22059 734.02875 731.83691 729.64507 727.45323 725.26139 723.06955 720.87771 718.68587 716.49403 714.30219 712.11035 709.91851 707.72667 705.53483 703.34299 701.15115 698.95931 696.76747 694.57564 692.3838 690.19196 688.00012 685.80828 683.61644 681.4246 679.23276 677.04092 674.84908 672.65724 670.4654 668.27356 666.08172 663.88988 661.69804 659.5062 657.31436 655.12252 652.93068 650.73885 650.75066 652.61898 654.4873 656.35562 658.22394 660.09226 661.96058 663.8289 665.69722 667.56554 669.43386 671.30218 673.1705 675.03882 676.90713 678.77545
-9999 -9999 749.6502 747.45836 745.26652 743.07468 740.88284 738.691 736.49916 734.30732 732.11548 729.92364 727.7318 725.53997 723.34813 721.15629 718.96445 716.77261 714.58077 712.38893 710.19709 708.00525 705.81341 703.62157 701.42973 699.23789 697.04605 694.85421 692.66237 690.47053 688.27869 686.08685 683.89501 681.70318 679.51134 677.3195 675.12766 672.93582 670.74398 668.55214 666.3603 664.16846 661.97662 659.78478 657.59294 655.4011 653.20926 651.01742 652.49651 654.36483 656.23315 658.10147 659.96979 661.83811 663.70643 665.57475 667.44306 669.31138 671.1797 673.04802 674.91634 676.78466 678.65298 680.5213 682.38962
-9999 749.92878 747.73694 745.5451 743.35326 741.16142 738.96958 736.77774 734.5859 732.39406 730.20222 728.01038 725.81854 723.6267 721.43486 719.24302 717.05118 714.85935 712.66751 710.47567 708.28383 706.09199 703.90015 701.70831 699.51647 697.32463 695.13279 692.94095 690.74911 688.55727 686.36543 684.17359 681.98175 679.78991 677.59807 675.40623 673.21439 671.02256 668.83072 666.63888 664.44704 662.2552 660.06336 657.87152 655.67968 653.48784 652.37404 654.24236 656.11068 657.97899 659.84731 661.71563 663.58395 665.45227 667.32059 669.18891 671.05723 672.92555 674.79387 676.66219 678.53051 680.39883 682.26715 684.13547 686.00379
-9999 748.01551 745.82368 743.63184 741.44 739.24816 737.05632 734.86448 732.67264 730.4808 728.28896 726.09712 723.90528 721.71344 719.5216 717.32976 715.13792 712.94608 710.75424 708.5624 706.37056 704.17872 701.98689 699.79505 697.60321 695.41137 693.21953 691.02769 688.83585 686.64401 684.45217 682.26033 680.06849 677.87665 675.68481 673.49297 671.30113 669.10929 666.91745 664.72561 662.53377 660.34193 658.1501 655.95826 653.76642 654.11988 655.9882 657.85652 659.72484 661.59316 663.46148 665.3298 667.19812 669.06644 670.93476 672.80308 674.6714 676.53972 678.40804 680.27636 682.14468 684.013 685.88132 687.74964 689.61795
748.29409 746.10225 743.91041 741.71857 739.52673 737.33489 735.14305 732.95122 730.75938 728.56754 726.3757 724.18386 721.99202 719.80018 717.60834 715.4165 713.22466 711.03282 708.84098 706.64914 704.4573 702.26546 700.07362 697.88178 695.68994 693.4981 691.30627 689.11443 686.92259 684.73075 682.53891 680.34707 678.15523 675.96339 673.77155 671.57971 669.38787 667.19603 665.00419 662.81235 660.62051 658.42867 656.23683 654.04499 655.86573 657.73405 659.60237 661.47069 663.33901 665.20733 667.07565 668.94397 670.81229 672.68061 674.54893 676.41725 678.28557 680.15388 682.0222 683.89052 685.75884 687.62716 689.49548 691.3638 693.23212
746.38083 744.18899 741.99715 739.80531 737.61347 735.42163 733.22979 731.03795 728.84611 726.65427 724.46243 722.2706 720.07876 717.88692 715.69508 713.50324 711.3114 709.11956 706.92772 704.73588 702.54404 700.3522 698.16036 695.96852 693.77668 691.58484 689.393 687.20116 685.00932 682.81748 680.62564 678.43381 676.24197 674.05013 671.85829 669.66645 667.47461 665.28277 663.09093 660.89909 658.70725 656.51541 655.74326 657.61158 659.4799 661.34822 663.21654 665.08486 666.95318 668.8215 670.68981 672.55813 674.42645 676.29477 678.16309 680.03141 681.89973 683.76805 685.63637 687.50469 689.37301 691.24133 693.10965 694.97797 696.84629
744.46757 742.27573 740.08389 737.89205 735.70021 733.50837 731.31653 729.12469 726.93285 724.74101 722.54917 720.35733 718.16549 715.97365 713.78181 711.58997 709.39814 707.2063 705.01446 702.82262 700.63078 698.43894 696.2471 694.05526 691.86342 689.67158 687.47974 685.2879 683.09606 680.90422 678.71238 676.52054 674.3287 672.13686 669.94502 667.75319 665.56135 663.36951 661.17767 658.98583 656.79399 657.48911 659.35743 661.22574 663.09406 664.96238 666.8307 668.69902 670.56734 672.43566 674.30398 676.1723 678.04062 679.90894 681.77726 683.64558 685.5139 687.38222 689.25054 691.11886 692.98718 694.8555 696.72382 698.59214 700.46045
742.55431 740.36247 738.17063 735.97879 733.78695 731.59511 729.40327 727.21143 725.01959 722.82775 720.63591 718.44407 716.25223 714.06039 711.86855 709.67671 707.48487 705.29303 703.10119 700.90935 698.71752 696.52568 694.33384 692.142 689.95016 687.75832 685.56648 683.37464 681.1828 678.99096 676.79912 674.60728 672.41544 670.2236 668.03176 665.83992 663.64808 661.45624 659.2644 657.36663 659.23495 661.10327 662.97159 664.83991 666.70823 668.57655 670.44487 672.31319 674.18151 676.04983 677.91815 679.78647 681.65479 683.52311 685.39143 687.25975 689.12807 690.99638 692.8647 694.73302 696.60134 698.46966 700.33798 702.2063 704.07462
740.64104 738.4492 736.25736 734.06552 731.87368 729.68185 727.49001 725.29817 723.10633 720.91449 718.72265 716.53081 714.33897 712.14713 709.95529 707.76345 705.57161 703.37977 701.18793 698.99609 696.80425 694.61241 692.42057 690.22873 688.03689 685.84506 683.65322 681.46138 679.26954 677.0777 674.88586 672.69402 670.50218 668.31034 666.1185 663.92666 661.73482 659.54298 659.11248 660.9808 662.84912 664.71744 666.58576 668.45408 670.3224 672.19072 674.05904 675.92736 677.79568 679.664 681.53231 683.40063 685.26895 687.13727 689.00559 690.87391 692.74223 694.61055 696.47887 698.34719 700.21551 702.08383 703.95215 705.82047 707.68879
738.72778 736.53594 734.3441 732.15226 729.96042 727.76858 725.57674 723.3849 721.19306 719.00123 716.80939 714.61755 712.42571 710.23387 708.04203 705.85019 703.65835 701.46651 699.27467 697.08283 694.89099 692.69915 690.50731 688.31547 686.12363 683.93179 681.73995 679.54811 677.35627 675.16444 672.9726 670.78076 668.58892 666.39708 664.20524 662.0134 659.82156 660.85833 662.72665 664.59497 666.46329 668.33161 670.19993 672.06824 673.93656 675.80488 677.6732 679.54152 681.40984 683.27816 685.14648 687.0148 688.88312 690.75144 692.61976 694.48808 696.3564 698.22472 700.09304 701.96136 703.82968 705.698 707.56632 709.43464 711.30296
736.81452 734.62268 732.43084 730.239 728.04716 725.85532 723.66348 721.47164 719.2798 717.08796 714.89612 712.70428 710.51244 708.3206 706.12877 703.93693 701.74509 699.55325 697.36141 695.16957 692.97773 690.78589 688.59405 686.40221 684.21037 682.01853 679.82669 677.63485 675.44301 673.25117 671.05933 668.86749 666.67565 664.48381 662.29198 660.73586 662.60417 664.47249 666.34081 668.20913 670.07745 671.94577 673.81409 675.68241 677.55073 679.41905 681.28737 683.15569 685.02401 686.89233 688.76065 690.62897 692.49729 694.36561 696.23393 698.10225 699.97057 701.83889 703.7072 705.57552 707.44384 709.31216 711.18048 713.0488 714.91712
734.90126 732.70942 730.51758 728.32574 726.1339 723.94206 721.75022 719.55838 717.36654 715.1747 712.98286 710.79102 708.59918 706.40734 704.2155 702.02366 699.83182 697.63998 695.44814 693.25631 691.06447 688.87263 686.68079 684.48895 682.29711 680.10527 677.91343 675.72159 673.52975 671.33791 669.14607 666.95423 664.76239 662.57055 662.4817 664.35002 666.21834 668.08666 669.95498 671.8233 673.69162 675.55994 677.42826 679.29658 681.1649 683.03322 684.90154 686.76986 688.63818 690.5065 692.37482 694.24313 696.11145 697.97977 699.84809 701.71641 703.58473 705.45305 707.32137 709.18969 711.05801 712.92633 714.79465 716.66297 718.53129
732.98799 730.79615 728.60431 726.41248 724.22064 722.0288 719.83696 717.64512 715.45328 713.26144 711.0696 708.87776 706.68592 704.49408 702.30224 700.1104 697.91856 695.72672 693.53488 691.34304 689.1512 686.95936 684.76752 682.57569 680.38385 678.19201 676.00017 673.80833 671.61649 669.42465 667.23281 665.04097 662.84913 664.22755 666.09587 667.96419 669.83251 671.70083 673.56915 675.43747 677.30579 679.17411 681.04243 682.91075 684.77906 686.64738 688.5157 690.38402 692.25234 694.12066 695.98898 697.8573 699.72562 701.59394 703.46226 705.33058 707.1989 709.06722 710.93554 712.80386 714.67218 716.5405 718.40882 720.27714 722.14546
731.07473 728.88289 726.69105 724.49921 722.30737 720.11553 717.92369 715.73185 713.54002 711.34818 709.15634 706.9645 704.77266 702.58082 700.38898 698.19714 696.0053 693.81346 691.62162 689.42978 687.23794 685.0461 682.85426 680.66242 678.47058 676.27874 674.0869 671.89506 669.70323 667.51139 665.31955 664.10508 665.9734 667.84172 669.71004 671.57836 673.44668 675.31499 677.18331 679.05163 680.91995 682.78827 684.65659 686.52491 688.39323 690.26155 692.12987 693.99819 695.86651 697.73483 699.60315 701.47147 703.33979 705.20811 707.07643 708.94475 710.81307 712.68139 714.5497 716.41802 718.28634 720.15466 722.02298 723.8913 725.75962
729.16147 726.96963 724.77779 722.58595 720.39411 718.20227 716.01043 713.81859 711.62675 709.43491 707.24307 705.05123 702.8594 700.66756 698.47572 696.28388 694.09204 691.9002 689.70836 687.51652 685.32468 683.13284 680.941 678.74916 676.55732 674.36548 672.17364 669.9818 667.78996 665.59812 665.85092 667.71924 669.58756 671.45588 673.3242 675.19252 677.06084 678.92916 680.79748 682.6658 684.53412 686.40244 688.27076 690.13908 692.0074 693.87572 695.74404 697.61236 699.48068 701.349 703.21732 705.08563 706.95395 708.82227 710.69059 712.55891 714.42723 716.29555 718.16387 720.03219 721.90051 723.76883 725.63715 727.50547 729.37379
727.24821 725.05637 722.86453 720.67269 718.48085 716.28901 714.09717 711.90533 709.71349 707.52165 705.32981 703.13797 700.94613 698.75429 696.56245 694.37061 692.17877 689.98694 687.7951 685.60326 683.41142 681.21958 679.02774 676.8359 674.64406 672.45222 670.26038 668.06854 665.8767 667.59677 669.46509 671.33341 673.20173 675.07005 676.93837 678.80669 680.67501 682.54333 684.41165 686.27997 688.14829 690.01661 691.88493 693.75325 695.62156 697.48988 699.3582 701.22652 703.09484 704.96316 706.83148 708.6998 710.56812 712.43644 714.30476 716.17308 718.0414 719.90972 721.77804 723.64636 725.51468 727.383 729.25132 731.11964 732.98796
725.33494 723.1431 720.95127 718.75943 716.56759 714.37575 712.18391 709.99207 707.80023 705.60839 703.41655 701.22471 699.03287 696.84103 694.64919 692.45735 690.26551 688.07367 685.88183 683.68999 681.49815 679.30632 677.11448 674.92264 672.7308 670.53896 668.34712 667.4743 669.34262 671.21094 673.07926 674.94758 676.8159 678.68422 680.55254 682.42086 684.28918 686.15749 688.02581 689.89413 691.76245 693.63077 695.49909 697.36741 699.23573 701.10405 702.97237 704.84069 706.70901 708.57733 710.44565 712.31397 714.18229 716.05061 717.91893 719.78725 721.65557 723.52389 725.3922 727.26052 729.12884 730.99716 732.86548 734.7338 736.60212
723.42168 721.22984 719.038 716.84616 714.65432 712.46248 710.27065 708.07881 705.88697 703.69513 701.50329 699.31145 697.11961 694.92777 692.73593 690.54409 688.35225 686.16041 683.96857 681.77673 679.58489 677.39305 675.20121 673.00937 670.81753 668.62569 669.22015 671.08847 672.95679 674.82511 676.69342 678.56174 680.43006 682.29838 684.1667 686.03502 687.90334 689.77166 691.63998 693.5083 695.37662 697.24494 699.11326 700.98158 702.8499 704.71822 706.58654 708.45486 710.32318 712.1915 714.05982 715.92813 717.79645 719.66477 721.53309 723.40141 725.26973 727.13805 729.00637 730.87469 732.74301 734.61133 736.47965 738.34797 740.21629
721.50842 719.31658 717.12474 714.9329 712.74106 710.54922 708.35738 706.16554 703.9737 701.78186 699.59002 697.39819 695.20635 693.01451 690.82267 688.63083 686.43899 684.24715 682.05531 679.86347 677.67163 675.47979 673.28795 671.09611 669.09767 670.96599 672.83431 674.70263 676.57095 678.43927 680.30759 682.17591 684.04423 685.91255 687.78087 689.64919 691.51751 693.38583 695.25415 697.12247 698.99079 700.85911 702.72743 704.59575 706.46407 708.33238 710.2007 712.06902 713.93734 715.80566 717.67398 719.5423 721.41062 723.27894 725.14726 727.01558 728.8839 730.75222 732.62054 734.48886 736.35718 738.2255 740.09382 741.96214 743.83046
719.59516 717.40332 715.21148 713.01964 710.8278 708.63596 706.44412 704.25228 702.06044 699.8686 697.67676 695.48492 693.29308 691.10124 688.9094 686.71757 684.52573 682.33389 680.14205 677.95021 675.75837 673.56653 671.37469 670.84352 672.71184 674.58016 676.44848 678.3168 680.18512 682.05344 683.92176 685.79008 687.6584 689.52672 691.39504 693.26336 695.13168 697 698.86831 700.73663 702.60495 704.47327 706.34159 708.20991 710.07823 711.94655 713.81487 715.68319 717.55151 719.41983 721.28815 723.15647 725.02479 726.89311 728.76143 730.62975 732.49807 734.36639 736.23471 738.10302 739.97134 741.83966 743.70798 745.5763 747.44462
