Carpeta1/Areas.sdat
NCOLS 324
NROWS 426
XLLCORNER 863249.72
YLLCORNER 10088227
DX 10.025572
DY 10.022578
NODATA_VALUE -9999
[rows 174 to 202 of 426, columns 195 to 259 of 324]
648.11627 649.98459 651.85291 653.72123 655.58955 657.45787 659.32619 661.19451 663.06283 664.93115 666.79947 668.66779 670.53611 672.40443 674.27275 676.14107 678.00939 679.87771 681.74602 670.58545 658.22054 645.86547 633.48783 620.76912 608.05042 595.33171 582.613 569.89429 557.17559 549.67989 549.81318 549.94647 550.07976 550.21306 550.34635 550.47964 550.61293 550.74623 552.7623 554.91439 557.06648 553.55838 543.00967 533.0671 526.83069 520.59429 514.35788 508.12148 501.88509 495.64871 489.41233 483.17595 476.83818 468.76781 460.69743 452.62706 444.55668 436.48631 428.41593 420.4572 420.76631 415.65449 410.54267 405.43086 400.31904
651.73044 653.59876 655.46708 657.3354 659.20372 661.07204 662.94036 664.80868 666.677 668.54532 670.41364 672.28195 674.15027 676.01859 677.88691 679.75523 681.62355 683.49187 679.32209 666.95718 654.59227 642.25558 629.6237 616.905 604.18629 591.46758 578.74887 566.03017 557.67775 557.81104 557.94433 558.07763 558.21092 558.34421 558.4775 558.61079 558.74409 559.26744 561.41953 563.57162 565.72371 562.42194 551.87323 541.32451 534.83502 528.59862 522.36221 516.12581 509.88941 503.65303 497.41665 491.18026 484.94388 478.4604 470.39003 462.31965 454.24928 446.1789 438.10853 430.57161 429.989 424.87719 419.76537 414.65355 409.54174
655.34461 657.21293 659.08125 660.94957 662.81788 664.6862 666.55452 668.42284 670.29116 672.15948 674.0278 675.89612 677.76444 679.63276 681.50108 683.3694 685.23772 687.10604 675.69383 663.32892 650.98065 638.47828 625.75958 613.04087 600.32216 587.60345 574.88475 565.67561 565.8089 565.94219 566.07549 566.20878 566.34207 566.47536 566.60866 566.74195 566.87524 567.92468 570.07677 572.22886 574.38095 571.2855 560.73678 550.18807 542.83935 536.60294 530.36654 524.13014 517.89373 511.65734 505.42096 499.18458 492.9482 486.71181 480.08262 472.01224 463.94187 455.87149 447.80112 440.68602 439.2117 434.09988 428.98807 423.87625 421.04349
658.95877 660.82709 662.69541 664.56373 666.43205 668.30037 670.16869 672.03701 673.90533 675.77365 677.64197 679.51029 681.37861 683.24693 685.11525 686.98357 688.85189 684.43048 672.06557 659.70571 647.33286 634.61416 621.89545 609.17674 596.45803 583.73933 573.67347 573.80676 573.94006 574.07335 574.20664 574.33993 574.47323 574.60652 574.73981 574.8731 575.00639 576.58192 578.73401 580.8861 583.03819 580.14906 569.60034 559.05162 550.84368 544.60727 538.37087 532.13446 525.89806 519.66166 513.42528 507.1889 500.95251 494.71613 488.47975 481.70484 473.63446 465.56409 457.49371 451.33911 448.4344 443.32258 438.21076 435.70555 434.81056
662.57294 664.44126 666.30958 668.1779 670.04622 671.91454 673.78286 675.65118 677.5195 679.38782 681.25614 683.12446 684.99277 686.86109 688.72941 690.59773 692.46605 680.80222 668.43731 656.09582 643.46874 630.75003 618.03132 605.31261 592.59391 581.67133 581.80462 581.93792 582.07121 582.2045 582.33779 582.47109 582.60438 582.73767 582.87096 583.00426 583.13755 585.23915 587.39124 589.54333 591.69542 589.01261 578.4639 567.91518 558.848 552.6116 546.3752 540.13879 533.90239 527.66598 521.42959 515.19321 508.95683 502.72045 496.48406 490.24768 483.32705 475.25668 467.1863 462.02713 457.65709 452.54528 450.3676 449.18185 448.63576
666.18711 668.05543 669.92375 671.79207 673.66039 675.5287 677.39702 679.26534 681.13366 683.00198 684.8703 686.73862 688.60694 690.47526 692.34358 694.2119 689.53886 677.17395 664.82089 652.32332 639.60461 626.8859 614.16719 601.44848 589.66919 589.80249 589.93578 590.06907 590.20236 590.33566 590.46895 590.60224 590.73553 590.86882 591.00212 591.13541 591.7443 593.89639 596.04848 598.20057 600.35266 597.87617 587.32746 576.77874 566.85233 560.61593 554.37952 548.14312 541.90672 535.67031 529.43391 523.19753 516.96115 510.72476 504.48838 498.252 492.01562 484.94927 476.8789 471.99161 466.87979 465.02966 463.8439 462.97915 462.46096
669.80127 671.66959 673.53791 675.40623 677.27455 679.14287 681.01119 682.87951 684.74783 686.61615 688.48447 690.35279 692.22111 694.08943 695.95775 697.82607 685.9106 673.54595 661.1779 648.45919 635.74048 623.02177 610.30306 597.66706 597.80035 597.93364 598.06693 598.20022 598.33352 598.46681 598.6001 598.73339 598.86669 598.99998 599.13327 599.26656 600.40153 602.55362 604.70571 606.85781 609.0099 606.73973 596.19101 585.6423 575.09358 568.62026 562.38385 556.14745 549.91104 543.67464 537.43824 531.20184 524.96546 518.72908 512.4927 506.25631 500.01993 493.78355 486.57149 481.21431 479.69171 478.50596 477.32255 476.80435 476.28616
673.41544 675.28376 677.15208 679.0204 680.88872 682.75704 684.62536 686.49368 688.362 690.23032 692.09864 693.96696 695.83527 697.70359 699.57191 694.64725 682.28234 669.93606 657.31377 644.59506 631.87635 619.15764 606.43894 605.79821 605.9315 606.06479 606.19809 606.33138 606.46467 606.59796 606.73126 606.86455 606.99784 607.13113 607.26442 607.39772 609.05877 611.21086 613.36295 615.51504 617.66713 615.60329 605.05457 594.50585 583.95714 576.62458 570.38818 564.15178 557.91537 551.67897 545.44256 539.20616 532.96978 526.7334 520.49701 514.26063 508.02425 501.78787 495.55148 494.35377 493.16801 491.98226 491.14775 490.62956 490.11136
677.02961 678.89793 680.76625 682.63457 684.50289 686.3712 688.23952 690.10784 691.97616 693.84448 695.7128 697.58112 699.44944 701.31776 703.18608 691.01899 678.66113 666.16835 653.44964 640.73093 628.01222 615.29352 613.79607 613.92936 614.06266 614.19595 614.32924 614.46253 614.59582 614.72912 614.86241 614.9957 615.12899 615.26229 615.39558 615.56392 617.71601 619.8681 622.02019 624.17228 626.32437 624.46684 613.91813 603.36941 592.82069 584.62891 578.39251 572.1561 565.9197 559.6833 553.44689 547.21049 540.97409 534.73771 528.50133 522.26495 516.02856 510.20157 509.01582 507.83007 506.64431 505.49114 504.97295 504.45476 503.93657
680.64377 682.51209 684.38041 686.24873 688.11705 689.98537 691.85369 693.72201 695.59033 697.45865 699.32697 701.19529 703.06361 704.93193 699.75564 687.39073 675.02293 662.30422 649.58551 636.8668 624.1481 621.79393 621.92722 622.06052 622.19381 622.3271 622.46039 622.59369 622.72698 622.86027 622.99356 623.12686 623.26015 623.39344 623.52673 624.22115 626.37324 628.52533 630.67742 632.82951 634.9816 633.3304 622.78169 612.23297 601.68425 592.63324 586.39684 580.16043 573.92403 567.68762 561.45122 555.21482 548.97841 542.74203 536.50565 530.26926 524.86361 523.67786 522.49211 521.30636 520.12061 519.31634 518.79815 518.30412 517.81041
684.25794 686.12626 687.99458 689.8629 691.73122 693.59954 695.46786 697.33618 699.2045 701.07282 702.94114 704.80946 706.67778 708.49228 696.12737 683.7763 671.1588 658.44009 645.72138 633.00268 629.79179 629.92509 630.05838 630.19167 630.32496 630.45825 630.59155 630.72484 630.85813 630.99142 631.12472 631.25801 631.3913 631.52459 631.65789 632.87839 635.03048 637.18257 639.33466 641.48675 643.63884 642.19396 631.64524 621.09653 610.54781 600.63757 594.40116 588.16476 581.92836 575.69195 569.45555 563.21914 556.98274 550.74635 544.50996 539.52566 538.33991 537.15416 535.9802 534.8238 533.87125 533.22934 532.73562 532.2419 531.74818
687.87211 689.74043 691.60875 693.47707 695.34539 697.21371 699.08202 700.95034 702.81866 704.68698 706.5553 708.42362 710.29194 704.86402 692.50137 680.01338 667.29467 654.57596 641.85726 637.78965 637.92295 638.05624 638.18953 638.32282 638.45612 638.58941 638.7227 638.85599 638.98929 639.12258 639.25587 639.38916 639.52245 639.65575 639.78904 641.53562 643.68772 645.83981 647.9919 650.14399 652.29608 651.05752 640.5088 629.96008 619.41137 608.86265 602.40549 596.16909 589.93268 583.69628 577.45988 571.22347 564.98707 558.75066 554.20819 553.05179 551.8954 550.739 549.5826 548.66532 547.98111 547.29691 546.67339 546.17968 545.61537
691.48627 693.35459 695.22291 697.09123 698.95955 700.82787 702.69619 704.56451 706.43283 708.30115 710.16947 712.03779 713.60067 701.23576 688.86796 676.14925 663.43054 650.71184 645.78752 645.92081 646.0541 646.18739 646.32069 646.45398 646.58727 646.72056 646.85385 646.98715 647.12044 647.25373 647.38702 647.52032 647.65361 647.7869 648.04077 650.19286 652.34495 654.49704 656.64913 658.80122 660.95331 659.92107 649.37236 638.82364 628.27492 617.72621 610.40982 604.17342 597.93701 591.70061 585.4642 579.2278 572.99139 568.88298 567.77711 566.65419 565.49779 564.3414 563.45938 562.77518 562.09098 561.40677 560.60328 559.94223 560.14204
695.10044 696.96876 698.83708 700.7054 702.57372 704.44204 706.31036 708.17868 710.047 711.91532 713.78364 715.65196 709.97241 697.61654 685.00383 672.28512 659.56641 653.78538 653.91867 654.05196 654.18525 654.31855 654.45184 654.58513 654.71842 654.85172 654.98501 655.1183 655.25159 655.38489 655.51818 655.65147 655.78476 655.91805 656.69801 658.8501 661.00219 663.15428 665.30637 667.45846 669.61055 668.78463 658.23592 647.6872 637.13848 626.58976 618.41415 612.17774 605.94134 599.70494 593.46853 587.23213 583.55185 582.44597 581.3401 580.23422 579.10019 578.25345 577.49975 576.62188 575.74401 574.86614 574.21885 573.68286 575.8128
698.71461 700.58293 702.45125 704.31957 706.18789 708.05621 709.92452 711.79284 713.66116 715.52948 717.3978 718.70905 706.34414 693.85841 681.1397 668.42099 661.78324 661.91653 662.04982 662.18312 662.31641 662.4497 662.58299 662.71629 662.84958 662.98287 663.11616 663.24945 663.38275 663.51604 663.64933 663.78262 663.91592 664.04921 665.35524 667.50733 669.65942 671.81151 673.9636 676.11569 678.26779 677.64819 667.09947 656.55076 646.00204 635.45332 626.41848 620.18207 613.94567 607.70926 601.47286 598.22071 597.11484 596.00896 594.90309 593.77395 592.67743 591.76261 590.88474 590.00687 589.129 588.53598 588.13981 587.47251 586.80521
702.32877 704.19709 706.06541 707.93373 709.80205 711.67037 713.53869 715.40701 717.27533 719.14365 721.01197 715.08079 702.71299 689.99428 677.27557 669.7811 669.91439 670.04768 670.18098 670.31427 670.44756 670.58085 670.71415 670.84744 670.98073 671.11402 671.24732 671.38061 671.5139 671.64719 671.78049 671.91378 672.04707 672.18036 674.01248 676.16457 678.31666 680.46875 682.62084 684.77293 686.92502 686.51175 675.96303 665.41431 654.8656 644.31688 634.4228 628.1864 621.95 615.71359 612.88958 611.78371 610.67783 609.53224 608.35445 607.20757 606.1846 605.15097 604.26974 603.39187 602.88848 602.55636 601.92946 601.26217 600.59487
705.94294 707.81126 709.67958 711.5479 713.41622 715.28454 717.15286 719.02118 720.8895 722.75782 723.81744 711.45678 698.84886 686.13015 677.77896 677.91225 678.04555 678.17884 678.31213 678.44542 678.57872 678.71201 678.8453 678.97859 679.11188 679.24518 679.37847 679.51176 679.64505 679.77835 679.91164 680.04493 680.17822 680.51763 682.66972 684.82181 686.9739 689.12599 691.27808 693.43017 695.58226 695.3753 684.82659 674.27787 663.72915 653.18044 642.63172 636.19073 629.95432 627.55845 626.45258 625.29054 624.11274 622.93495 621.75715 620.71475 619.69178 618.66881 617.65473 617.24098 616.90886 616.38642 615.71912 615.05182 614.38452
709.55711 711.42543 713.29375 715.16207 717.03039 718.89871 720.76702 722.63534 724.50366 726.37198 720.18918 707.70344 694.98473 685.77682 685.91012 686.04341 686.1767 686.30999 686.44328 686.57658 686.70987 686.84316 686.97645 687.10975 687.24304 687.37633 687.50962 687.64292 687.77621 687.9095 688.04279 688.17608 688.30938 689.17486 691.32695 693.47904 695.63113 697.78322 699.93531 702.0874 704.23949 704.23886 693.69014 683.14143 672.59271 662.04399 651.49528 644.19506 642.22664 641.04884 639.87104 638.69324 637.51545 636.33765 635.24489 634.22192 633.19895 632.24554 631.7305 631.26136 630.84337 630.17607 629.50877 628.84147 628.17418
713.17127 715.03959 716.90791 718.77623 720.64455 722.51287 724.38119 726.24951 728.11783 728.92583 716.55802 703.83931 693.77468 693.90798 694.04127 694.17456 694.30785 694.44115 694.57444 694.70773 694.84102 694.97432 695.10761 695.2409 695.37419 695.50748 695.64078 695.77407 695.90736 696.04065 696.17395 696.30724 696.44053 697.8321 699.98419 702.13628 704.28837 706.44046 708.59255 710.74464 712.89673 713.10242 702.5537 692.00499 681.45627 670.90755 659.18036 656.80714 655.62934 654.45154 653.27374 652.09595 650.91815 649.77503 648.75206 647.7291 646.93557 646.42053 645.90549 645.40997 644.94309 644.33382 643.72454 643.11527 642.50599
716.78544 718.65376 720.52208 722.3904 724.25872 726.12704 727.99536 729.86368 731.732 725.29756 712.69389 701.77255 701.90584 702.03913 702.17242 702.30571 702.43901 702.5723 702.70559 702.83888 702.97218 703.10547 703.23876 703.37205 703.50535 703.63864 703.77193 703.90522 704.03852 704.17181 704.3051 704.43839 704.57168 706.48933 708.64142 710.79351 712.94561 715.0977 717.24979 719.40188 721.55397 721.96598 711.41726 700.86854 687.72902 672.68678 671.44806 670.22557 669.03204 667.85424 666.67645 665.49865 664.32085 663.28221 662.25924 661.62559 661.11056 660.61583 660.14825 659.68066 659.21308 658.88985 658.28057 657.6713 657.06202
720.39961 722.26793 724.13625 726.00457 727.87289 729.74121 731.60953 733.47784 734.03421 721.54847 709.77041 709.9037 710.03699 710.17028 710.30358 710.43687 710.57016 710.70345 710.83675 710.97004 711.10333 711.23662 711.36992 711.50321 711.6365 711.76979 711.90308 712.03638 712.16967 712.30296 712.43625 712.56955 712.99448 715.14657 717.29866 719.45075 721.60284 723.75493 725.90702 728.05911 730.2112 730.82953 716.27767 701.23543 687.32928 686.1068 684.88431 683.66183 682.43934 681.25695 680.07915 678.90135 677.81235 676.83066 676.31562 675.82169 675.3541 674.88652 674.41894 673.95135 673.48377 672.88452 672.8366 672.18913 671.65594
724.01377 725.88209 727.75041 729.61873 731.48705 733.35537 735.22369 737.09201 730.40305 717.76827 717.90156 718.03485 718.16815 718.30144 718.43473 718.56802 718.70131 718.83461 718.9679 719.10119 719.23448 719.36778 719.50107 719.63436 719.76765 719.90095 720.03424 720.16753 720.30082 720.43412 720.56741 720.7007 721.65172 723.80381 725.9559 728.10799 730.26008 732.41217 734.56426 736.71635 736.66297 729.49726 714.74184 701.95484 700.70927 699.54305 698.32056 697.09808 695.87559 694.65965 693.48185 692.34249 691.52068 691.02754 690.55996 690.09238 689.62479 689.15721 688.68963 688.22204 687.75446 687.28688 686.54375 686.72181 686.65336
727.62794 729.49626 731.36458 733.2329 735.10122 736.96954 738.83786 739.1426 726.53892 725.89942 726.03271 726.16601 726.2993 726.43259 726.56588 726.69918 726.83247 726.96576 727.09905 727.23235 727.36564 727.49893 727.63222 727.76551 727.89881 728.0321 728.16539 728.29868 728.43198 728.56527 728.69856 728.83185 730.30895 732.46104 734.61313 736.76522 738.91731 741.0694 740.71298 740.66588 742.04464 727.56839 716.48135 715.17429 713.90171 712.7443 711.58689 710.42948 709.27207 708.08936 706.88456 706.2334 705.76582 705.29823 704.75599 703.94094 703.12589 702.31084 701.49579 700.68074 699.86568 699.76196 700.6396 700.11106 701.65078
731.24211 733.11043 734.97875 736.84707 738.71539 740.58371 742.45203 735.3935 733.89728 734.03058 734.16387 734.29716 734.43045 734.56375 734.69704 734.83033 734.96362 735.09691 735.23021 735.3635 735.49679 735.63008 735.76338 735.89667 736.02996 736.16325 736.29655 736.42984 736.56313 736.69642 736.82971 736.96301 738.96619 741.11828 743.27037 745.42246 747.57455 740.33581 744.6688 749.25453 740.11577 730.16376 729.30014 728.39381 727.09415 725.93674 724.77933 723.62192 722.47116 721.23299 718.65922 717.35098 716.53593 715.72087 714.90582 714.09077 713.27572 712.46067 711.64562 710.83057 711.03226 711.973 712.97151 713.97002 713.78566
734.85627 736.72459 738.59291 740.46123 742.32955 744.19787 744.24808 741.89514 742.02844 742.16173 742.29502 742.42831 742.56161 742.6949 742.82819 742.96148 743.09478 743.22807 743.36136 743.49465 743.62795 743.76124 743.89453 744.02782 744.16111 744.29441 744.4277 744.56099 744.69428 744.82758 744.96087 745.47133 747.62342 749.77552 751.92761 748.60534 744.08599 748.67172 753.25745 752.66315 743.84618 742.98255 742.11893 741.2553 740.28267 739.12347 738.06399 737.00452 734.25894 732.05526 729.85158 727.6479 726.68576 725.87071 725.05565 724.2406 723.42555 722.6105 721.79545 722.22096 723.21947 724.21798 725.21648 726.21499 727.2135
738.47044 740.33876 742.20708 744.0754 745.94372 747.81204 745.87927 747.80508 749.30862 750.29288 750.42618 750.55947 750.69276 750.82605 750.95934 751.09264 751.22593 751.35922 751.49251 751.62581 751.7591 751.89239 752.02568 752.15898 752.29227 752.42556 752.55885 752.69215 752.82544 752.95873 753.09202 754.12857 756.28066 756.87488 748.22816 748.08891 752.67464 757.26036 761.84609 757.52859 756.66496 755.82785 754.99244 754.15703 753.32162 752.59736 751.53788 747.65498 745.4513 743.24762 741.04395 738.84027 736.83559 736.02054 735.20548 734.39043 733.57538 732.76033 733.46742 734.46593 735.46444 736.46295 737.46146 738.45997 739.45848
742.08461 743.95293 745.82125 747.68957 747.86497 743.60746 735.35401 735.64513 737.39599 741.33671 742.84025 744.3438 745.84735 747.35089 748.85444 750.35799 751.86153 753.36508 754.86863 756.37217 757.87572 759.37926 760.15684 760.29013 760.42342 760.55671 760.69001 760.8233 760.95659 761.08988 761.22318 762.78581 756.4977 747.851 752.09183 756.67756 761.26328 760.9022 761.29198 762.31927 763.34656 764.37384 765.40113 765.98394 765.58713 765.19032 761.05102 758.84734 756.64367 754.43999 752.23631 750.03263 747.82896 746.17037 745.35532 744.54026 743.91824 744.71389 745.7124 746.71091 747.70942 748.70793 749.70643 750.70494 751.70345
745.69878 747.56709 747.87285 747.88612 747.27066 735.36197 725.02337 725.39656 725.75677 726.0468 728.9127 733.22664 736.37188 737.87543 739.37898 740.88252 742.38607 743.88962 745.39316 746.89671 748.40026 749.9038 751.40735 752.91089 754.41444 755.91799 757.42153 758.92508 760.42863 761.93217 761.10333 754.29185 748.9749 748.26683 747.53814 746.80944 746.08076 746.69253 747.88957 748.91685 749.94414 750.97142 751.99871 753.02599 754.05328 754.86849 756.95848 758.86668 760.77488 762.68308 763.42868 761.225 759.02132 756.81764 755.50515 754.96185 755.96036 756.95887 757.95737 758.95588 759.96452 759.18295 758.06647 756.94998 755.8335
747.88072 747.89399 747.90727 747.92054 739.33718 727.29899 715.84295 714.98634 715.19005 715.79932 716.15953 716.44847 720.42942 724.74335 729.05731 731.40706 732.91061 734.41415 735.9177 737.42125 738.92479 740.42834 741.93189 743.43543 744.93898 746.44252 747.63876 746.62929 745.61981 744.61034 742.04926 736.75639 734.64633 732.53626 730.93741 730.95296 732.03893 733.3233 734.48715 735.51443 736.54172 737.56901 738.59629 739.59503 740.33192 741.57425 743.87262 745.69339 747.60158 749.50978 751.41798 753.32618 755.23438 757.14258 759.04836 759.566 758.44952 757.33303 756.21655 755.10006 753.98357 752.86709 751.7506 750.63412 749.51763
