Carpeta1/Areas.sdat
NCOLS 324
NROWS 426
XLLCORNER 863249.72
YLLCORNER 10088227
DX 10.025572
DY 10.022578
NODATA_VALUE -9999
[rows 319 to 347 of 426, columns 0 to 64 of 324]
-9999 -9999 -9999 -9999 -9999 -9999 -9999 -9999 -9999 -9999 -9999 -9999 -9999 -9999 -9999 -9999 -9999 -9999 -9999 -9999 -9999 -9999 -9999 -9999 587.23054 509.57129 441.77278 453.20955 399.35808 343.06044 290.55007 267.35204 266.53009 265.70815 264.8862 264.06426 263.24232 262.42037 261.59843 260.77648 259.95454 255.2799 250.59628 248.48337 255.04001 261.59665 239.01031 225.83878 231.24069 218.35912 209.21491 206.68407 204.15323 201.62239 199.07525 196.3866 193.71763 191.04865 188.37968 185.7107 183.04173 180.37275 183.7571 195.54341 208.23716
-9999 -9999 -9999 -9999 -9999 -9999 -9999 -9999 -9999 -9999 -9999 -9999 -9999 -9999 -9999 -9999 -9999 -9999 -9999 -9999 -9999 -9999 -9999 612.07341 534.25457 462.82646 428.26247 404.99002 348.69238 292.39474 274.58893 263.13025 250.73072 247.90734 247.08539 246.26345 245.44151 244.61956 243.79762 242.97567 242.15373 238.11738 233.43376 228.75014 231.07489 232.97405 213.84926 225.81254 233.30739 220.42583 207.54427 194.6627 188.82865 186.29781 183.76697 181.17864 178.49542 175.82644 173.15747 170.48849 167.81952 168.78555 180.30874 192.08966 204.78341
-9999 -9999 -9999 -9999 -9999 -9999 -9999 -9999 -9999 -9999 -9999 -9999 -9999 -9999 -9999 -9999 -9999 -9999 -9999 -9999 -9999 -9999 -9999 559.09744 483.88014 416.08163 410.62196 354.32432 299.48112 287.58672 275.71888 264.2602 252.76005 239.71832 229.28458 228.46264 227.6407 226.81875 225.99681 225.17486 224.35292 220.95485 216.27123 211.58761 207.10977 201.85973 213.82301 225.78629 235.37409 222.49253 209.61097 196.72941 183.84785 170.97323 168.44239 165.91154 163.28202 160.60423 157.93526 155.26628 153.81399 165.33718 176.86037 188.6359 201.32966
-9999 -9999 -9999 -9999 -9999 -9999 -9999 -9999 -9999 -9999 -9999 -9999 -9999 -9999 -9999 -9999 -9999 -9999 -9999 -9999 -9999 -9999 583.94031 506.12147 437.13531 416.25391 359.95627 312.85048 300.95608 289.06167 277.16727 265.39015 253.93147 241.74765 228.70591 215.66417 209.83989 209.01794 208.196 207.37405 206.55211 203.79233 199.10871 194.42509 189.74147 201.83348 213.79677 225.76005 237.44079 224.55923 211.67767 198.79611 185.91455 173.03299 160.15143 150.58696 148.05612 145.38541 142.71305 140.04407 150.36562 161.88881 173.41201 185.18215 197.8759
-9999 -9999 -9999 -9999 -9999 -9999 -9999 -9999 -9999 -9999 -9999 -9999 -9999 -9999 -9999 -9999 -9999 -9999 -9999 -9999 -9999 608.78318 530.96434 458.18899 397.56752 365.58821 326.21984 314.32544 302.43103 290.53663 278.64222 266.74781 255.06143 243.77698 230.73524 217.6935 204.65176 191.61003 190.39519 189.57324 188.7513 186.6298 181.94618 177.26256 186.83219 200.01873 213.20527 225.73381 237.69709 226.62594 213.74438 200.86281 187.98125 175.09969 162.21813 149.33657 136.45501 130.2007 127.49083 135.39406 146.91725 158.44045 169.96364 181.7284 194.42215
-9999 -9999 -9999 -9999 -9999 -9999 -9999 -9999 -9999 -9999 -9999 -9999 -9999 -9999 -9999 -9999 -9999 -9999 -9999 -9999 -9999 555.80721 479.24267 411.44416 371.22015 339.5892 327.6948 315.80039 303.90598 292.01158 280.11717 268.22277 256.32836 244.7327 232.76457 219.72283 206.6811 193.63936 180.59762 171.77243 170.95049 169.46728 164.78366 171.73994 184.92649 198.11303 211.29957 224.48612 237.67084 228.69264 215.81108 202.92952 189.04926 175.15086 161.25246 147.35405 133.45565 119.55725 122.97149 131.94571 143.46889 154.99208 166.51527 178.27464 190.91138
-9999 -9999 -9999 -9999 -9999 -9999 -9999 -9999 -9999 -9999 -9999 -9999 -9999 -9999 -9999 -9999 -9999 -9999 -9999 -9999 580.65008 502.83124 432.49784 376.85209 352.95856 341.06416 329.16975 317.27534 305.38094 293.48653 281.59213 269.69772 257.80331 245.90891 234.40397 221.75216 208.71043 195.66869 182.62695 169.58521 156.54348 152.30475 156.6477 169.83424 180.70991 188.16877 195.62763 203.08649 210.54535 206.65879 192.47479 178.46455 164.56615 150.66774 136.76934 122.87094 108.97254 113.94503 139.20654 144.73978 150.27302 155.80626 163.06691 174.82089 187.32126
-9999 -9999 -9999 -9999 -9999 -9999 -9999 -9999 -9999 -9999 -9999 -9999 -9999 -9999 -9999 -9999 -9999 -9999 -9999 605.49295 527.67411 453.55152 385.75301 366.32792 354.43352 342.53911 330.6447 318.7503 306.85589 294.96149 283.06708 271.17267 259.27827 247.38386 235.53393 223.7815 210.73976 197.69802 184.65628 171.61454 158.57281 145.60622 134.50331 141.96217 149.42104 156.8799 164.33876 171.79762 179.25648 183.77773 168.70514 154.52113 140.33713 126.18463 112.28623 98.387826 95.392277 127.93263 155.44158 160.97483 166.50807 172.04131 177.57455 182.35625 186.1752
-9999 -9999 -9999 -9999 -9999 -9999 -9999 -9999 -9999 -9999 -9999 -9999 -9999 -9999 -9999 -9999 -9999 -9999 -9999 552.51698 474.69814 406.80669 381.11003 369.06469 356.80785 344.50637 332.20489 320.22525 308.33084 296.43644 284.54203 272.64763 260.75322 248.85881 236.96441 225.2052 212.76909 199.72735 186.68561 173.64388 160.64667 147.81433 134.89902 121.68551 118.13216 125.59102 133.04989 140.50875 147.96761 155.42647 144.93548 130.75148 116.56748 102.38348 88.199473 76.714909 109.37988 141.92023 171.67663 177.20987 182.74311 188.27635 193.28756 200.11273 200.00319
-9999 -9999 -9999 -9999 -9999 -9999 -9999 -9999 -9999 -9999 -9999 -9999 -9999 -9999 -9999 -9999 -9999 -9999 577.35985 499.54101 427.86037 395.85445 383.80912 371.76378 359.71837 347.418 335.11652 322.81504 310.51356 298.21208 286.01699 274.12258 262.22817 250.33377 238.43936 226.54496 214.79842 201.75668 188.71494 175.68711 162.85478 150.02245 137.19012 124.07228 110.85877 97.64526 101.76101 109.21987 116.67874 124.1376 121.16583 106.98183 92.797827 78.613824 64.429821 90.105029 123.36748 155.90783 187.91168 193.44492 198.97816 204.38046 208.9578 217.71124 215.56474
-9999 -9999 -9999 -9999 -9999 -9999 -9999 -9999 -9999 -9999 -9999 -9999 -9999 -9999 -9999 -9999 -9999 602.20272 524.38388 448.91406 410.59888 398.55354 386.5082 374.46287 362.41753 350.32964 338.02816 325.72667 313.42519 301.12371 288.82223 276.52075 264.21927 251.91779 239.91432 228.01991 216.1255 203.78601 190.74428 177.89523 165.06289 152.23056 139.39823 126.45905 113.24554 100.03203 86.818518 77.931003 85.389864 92.848724 100.30758 83.212179 69.028176 54.844173 70.066967 103.49515 136.92333 169.89543 202.43579 209.67996 215.2132 219.64618 224.78464 234.42539 232.46031
-9999 -9999 -9999 -9999 -9999 -9999 -9999 -9999 -9999 -9999 -9999 -9999 -9999 -9999 -9999 -9999 -9999 549.22675 471.4079 425.3433 413.29796 401.25263 389.20729 377.16196 365.11662 353.07129 340.93979 328.63831 316.33683 304.03535 291.73386 279.43238 267.1309 254.82942 242.52794 230.22646 217.92498 205.70605 192.93567 180.10334 167.27101 154.43868 141.60635 128.77401 115.63231 102.4188 89.205286 75.991775 62.778264 61.559853 69.018713 59.442527 45.258524 50.028904 83.457086 116.88527 150.31345 183.74163 216.42339 225.91501 230.73908 235.08075 241.23401 251.13954 249.40622
-9999 -9999 -9999 -9999 -9999 -9999 -9999 -9999 -9999 -9999 -9999 -9999 -9999 -9999 -9999 -9999 574.06962 496.25077 440.08772 428.04239 415.99705 403.95172 391.90638 379.86104 367.81571 355.77037 343.72504 331.54994 319.24846 306.94698 294.6455 282.34402 270.04254 257.74105 245.43957 233.13809 220.83661 208.24759 195.2123 182.31145 169.47912 156.64679 143.81446 130.98213 118.01908 104.80557 91.592054 78.378543 65.165032 51.951522 38.738011 43.087446 29.990841 63.419024 96.847206 130.27539 163.70357 197.13175 230.41099 241.83198 246.0048 250.90759 257.94816 267.85369 266.69476
-9999 -9999 -9999 -9999 -9999 -9999 -9999 -9999 -9999 -9999 -9999 -9999 -9999 -9999 -9999 -9999 521.09364 454.94576 442.78827 430.74148 418.69614 406.6508 394.60547 382.56013 370.5148 358.46946 346.42413 334.37879 322.1601 309.85861 297.55713 285.25565 272.95417 260.65269 248.35121 236.04973 223.55277 210.76342 197.71042 184.65287 171.68724 158.85491 146.02257 133.19024 120.35791 107.19233 93.978822 80.765312 67.551801 54.33829 41.124779 27.911268 57.541637 89.253747 121.68464 154.11552 186.54641 218.9773 251.40819 257.0977 261.27052 266.73444 274.66231 284.56783 284.6601
-9999 -9999 -9999 -9999 -9999 -9999 -9999 -9999 -9999 -9999 -9999 -9999 -9999 -9999 -9999 545.93651 469.99987 457.95175 445.80992 433.64405 421.47818 409.34989 397.30456 385.25922 373.21389 361.16855 349.12321 337.07788 325.03254 312.77025 300.46877 288.16729 275.86581 263.56432 251.26284 238.85795 226.0686 213.26608 200.20853 187.15099 174.09344 161.06302 148.23069 135.39836 122.56603 109.5791 96.365591 83.15208 69.938569 56.725058 43.511547 62.031572 92.955681 125.24938 157.54308 189.51566 221.94654 254.37743 268.1906 272.68143 277.79686 282.40276 289.60407 298.80658 300.94218
-9999 -9999 -9999 -9999 -9999 -9999 -9999 -9999 -9999 -9999 -9999 -9999 -9999 -9999 570.77938 492.96054 473.09537 460.95774 448.82011 436.6657 424.49983 412.33396 400.16809 388.00222 375.91297 363.86764 351.8223 339.77697 327.73163 315.68188 303.3804 291.07892 278.77744 266.47596 254.16313 241.37378 228.58442 215.76419 202.70665 189.6491 176.59156 163.53401 150.47647 137.60647 124.77414 111.94181 98.752359 85.538848 72.325337 59.111826 68.211398 97.909747 128.25811 160.55181 192.84551 225.13921 257.43292 279.23334 283.07043 286.90752 290.74461 294.58171 299.09261 308.29512 313.45299
-9999 -9999 -9999 -9999 -9999 -9999 -9999 -9999 -9999 -9999 -9999 -9999 -9999 -9999 517.80341 488.239 476.10137 463.96373 451.8261 439.68736 427.52149 415.35561 403.18974 391.02387 378.858 366.69213 354.52626 342.47605 330.43072 318.38538 306.29204 293.99056 281.68907 269.38759 256.67896 243.8896 231.10025 218.26231 205.20476 192.14722 179.08967 166.03213 152.97459 139.91704 126.98225 114.14992 101.13913 87.925616 74.712105 74.391225 104.08957 133.78792 163.56054 195.85424 228.14794 260.44164 290.25556 292.98771 295.32221 299.08647 302.92356 306.76065 310.59774 317.78366 324.96483
-9999 -9999 -9999 -9999 -9999 -9999 -9999 -9999 -9999 -9999 -9999 -9999 -9999 542.64628 503.38262 491.24499 479.10736 466.96972 454.83209 442.69446 430.54314 418.37727 406.2114 394.04553 381.87965 369.71378 357.54791 345.38204 333.21617 321.08447 309.03913 296.90219 284.60071 271.98414 259.19478 246.40543 233.61608 220.76042 207.70288 194.64534 181.58779 168.53025 155.4727 142.41516 129.35761 116.35804 103.52571 90.312384 80.571051 110.2694 139.96775 169.6661 199.36445 231.15667 263.45037 295.74407 304.49479 307.22694 309.85383 312.09506 315.10251 318.9396 322.77669 327.2722 336.47472
-9999 -9999 -9999 -9999 -9999 -9999 -9999 -9999 -9999 -9999 -9999 -9999 567.48915 518.52625 506.38861 494.25098 482.11335 469.97572 457.83808 445.70045 433.56282 421.39892 409.23305 397.06718 384.90131 372.73544 360.56957 348.40369 336.23782 324.07195 311.90608 299.74021 287.28932 274.49996 261.71061 248.92126 236.1319 223.25854 210.201 197.14345 184.08591 171.02836 157.97082 144.91327 131.85573 118.79818 105.74064 92.699153 116.44923 146.14758 175.84593 205.54427 235.24262 266.4591 298.7528 316.00186 318.73402 321.46617 324.19832 326.62667 328.86792 331.11854 334.95563 338.79273 345.96326
-9999 -9999 -9999 -9999 -9999 -9999 -9999 -9999 -9999 -9999 -9999 -9999 533.59211 521.53224 509.39461 497.25697 485.11934 472.98171 460.84407 448.70644 436.56881 424.42058 412.25471 400.08883 387.92296 375.75709 363.59122 351.42535 339.25948 327.09361 314.92773 302.5945 289.80514 277.01579 264.22644 251.43708 238.64773 225.75666 212.69911 199.64157 186.58402 173.52648 160.46893 147.41139 134.35385 121.28769 108.16917 121.98745 152.09299 182.02575 211.7241 241.42245 271.1208 301.76152 327.50894 330.24109 332.97325 335.7054 338.43755 341.1583 343.39954 345.64077 347.88199 350.97167 355.4518
-9999 -9999 -9999 -9999 -9999 -9999 -9999 -9999 -9999 -9999 -9999 548.20617 536.10126 524.09589 512.4001 500.26296 488.12533 475.9877 463.85007 451.71243 439.5748 427.43717 415.27636 403.11049 390.94462 378.77875 366.61287 354.447 342.28113 330.11526 317.89967 305.11032 292.32097 279.53162 266.74226 253.95291 241.16356 228.25477 215.19723 202.13968 189.08214 176.01532 162.89679 149.77827 136.65975 123.54123 129.58015 157.53418 185.48821 215.71194 246.4437 276.69541 306.94712 337.06395 341.74817 344.48032 347.21248 349.94463 352.67678 355.40893 357.93114 360.1724 362.41362 364.65485 366.98771
-9999 -9999 -9999 -9999 -9999 -9999 -9999 -9999 -9999 -9999 564.19892 550.76225 538.61041 526.45857 514.66192 502.97029 491.13132 478.99369 466.85606 454.71842 442.58079 430.44316 418.29802 406.13214 393.96627 381.8004 369.63453 357.46866 345.30279 333.13691 320.4155 307.62615 294.83679 282.04744 269.25809 256.46874 243.67938 230.74294 217.62442 204.50589 191.38737 178.26885 165.15033 152.0318 138.91328 137.17286 165.12689 193.08091 221.03494 248.98897 279.15066 309.99909 340.79441 352.85964 355.08657 358.71955 361.4517 364.18386 366.91601 369.64816 372.38032 374.70399 376.94525 379.18647 381.4277
-9999 -9999 -9999 -9999 -9999 -9999 -9999 -9999 -9999 -9999 565.42324 553.2714 541.11956 528.96772 516.91958 505.22794 493.53631 481.84468 469.86205 457.72442 445.58678 433.44915 421.31152 409.1538 396.98793 384.82205 372.65618 360.49031 348.32444 335.72068 322.93133 310.14197 297.35262 284.56327 271.77391 258.7106 245.40926 232.21243 219.87795 206.75942 193.6409 180.52238 167.40386 154.28534 144.76557 172.71959 200.67362 228.62765 256.58168 284.5357 312.48973 342.58938 362.54931 366.5018 368.7831 370.90337 374.29356 378.13388 381.15524 383.88739 386.61955 389.23561 391.47683 393.7181 394.84113
-9999 -9999 -9999 -9999 -9999 -9999 -9999 -9999 -9999 579.26091 567.93239 555.78055 543.62871 531.47688 519.32504 507.4856 495.79397 484.10234 472.41071 460.71908 448.59278 436.45514 424.31751 412.17545 400.00958 387.84371 375.67784 363.51197 351.02586 338.23651 325.44715 312.6578 299.86845 286.69597 273.39462 260.09328 246.79193 233.40247 220.81175 208.63627 195.89443 182.77591 169.65739 156.53887 180.3123 208.26633 236.22035 264.17438 292.12841 320.08244 348.03646 372.33372 374.51332 378.46581 382.4183 384.81528 386.82683 389.66023 393.50055 397.34087 400.85878 403.59093 406.00846 407.42427 405.7455
-9999 -9999 -9999 -9999 -9999 -9999 -9999 -9999 -9999 579.72367 569.51196 558.2897 546.13787 533.98603 521.83419 509.74326 498.05163 486.36 474.66836 462.97673 451.2851 439.46113 427.3235 415.18587 403.03124 390.86536 378.69949 366.33104 353.54168 340.75233 327.96298 314.68133 301.37998 288.07864 274.7773 261.47595 248.17461 234.70693 221.81904 209.41107 197.25274 184.91852 171.91092 187.90501 215.85903 239.28469 259.33914 279.3936 305.1626 331.2135 357.26441 383.31531 386.47733 390.42982 394.38231 398.3348 400.92197 402.79208 405.02689 408.86722 412.70754 416.54786 420.10189 420.35073 420.31659
-9999 -9999 -9999 -9999 -9999 -9999 -9999 -9999 590.39814 580.18643 569.97473 559.76302 548.64702 536.49518 524.34334 512.1915 500.30928 488.61765 476.92602 465.23439 453.54276 441.85113 430.1595 418.19186 406.05289 393.88702 381.63622 368.84686 355.96803 342.66669 329.36535 316.064 302.76266 289.46131 276.15997 262.85862 249.55728 236.01139 222.98357 210.37966 198.01039 185.86922 182.68049 189.07409 211.94058 237.99148 264.04238 290.09329 316.14419 342.1951 368.246 394.2969 398.44134 402.39383 406.34632 410.29881 414.2513 417.02865 418.89877 420.79403 424.23388 428.0742 430.73819 432.8722 433.48736
-9999 -9999 -9999 -9999 -9999 -9999 -9999 -9999 590.86091 580.6492 570.43749 560.22578 550.01408 539.00433 526.85249 514.70065 502.56694 490.87531 479.18368 467.49205 455.80042 444.10879 432.41715 420.72552 409.03389 396.90867 383.9534 370.65205 357.35071 344.04936 330.74802 317.44667 304.14533 290.84399 277.54264 264.2413 250.93995 237.36855 224.1481 211.4283 198.97898 198.35182 198.73089 201.05288 222.66445 244.27603 268.68293 294.94089 321.19885 347.45681 373.71477 399.97273 409.29121 413.99137 418.31033 422.26282 426.21531 430.1678 433.13533 435.00545 436.87557 438.67412 441.32263 443.97115 445.64251
-9999 -9999 -9999 -9999 -9999 -9999 -9999 601.53538 591.32367 581.11196 570.90026 560.68855 550.47684 540.26513 529.36164 517.2098 505.05796 493.13296 481.44133 469.7497 458.05807 446.36644 434.67481 422.98318 411.29155 399.19177 385.57099 372.03473 358.73338 345.43204 332.13069 318.82935 305.528 292.22666 278.92532 265.62397 252.32263 238.74866 225.43768 213.12746 213.43645 214.14204 214.84763 217.43109 239.04266 260.65424 282.26581 303.87739 325.48896 350.0327 376.29066 402.54862 418.33252 423.03268 427.73283 432.43298 437.13313 441.83329 446.0843 449.24202 447.45523 442.88412 451.90707 454.55559 456.96187
-9999 -9999 -9999 -9999 -9999 -9999 -9999 601.99814 591.78643 581.57473 571.36302 561.15131 550.93961 540.7279 530.51619 519.71896 507.56712 495.41528 483.69899 472.00736 460.31573 448.6241 436.93247 425.24084 413.51165 401.53753 388.14646 374.65664 360.79178 347.14162 333.60361 320.21202 306.91068 293.60933 280.30799 267.00664 253.7053 240.12877 227.38201 228.8476 229.55319 230.25878 230.96437 233.80929 255.42087 277.03244 298.64402 320.25559 341.86717 363.47874 385.09032 406.70189 427.37383 432.07399 436.83104 441.67 446.50897 451.34793 456.18689 455.75099 456.603 452.03189 450.40181 463.09205 467.78854
