Carpeta1/Hospital_Area.sdat
NCOLS 76
NROWS 75
XLLCORNER 861994.25
YLLCORNER 10085676
DX 100.14817
DY 100.4612
NODATA_VALUE -9999
[rows 30 to 59 of 75, columns 0 to 66 of 76]
-9999 -9999 -9999 -9999 -9999 -9999 -9999 -9999 -9999 -9999 -9999 -9999 -9999 -9999 -9999 -9999 1904.0379 1432.7644 1448.6424 1457.0642 1465.486 1473.9078 1482.3296 1458.8994 1461.1773 1465.8979 1486.8096 1281.067 1037.5539 898.07316 814.31998 643.91229 596.29918 374.58951 288.3734 310.79542 331.1232 353.51835 390.00236 517.96483 693.10127 849.01372 966.72648 1034.1629 1096.7163 1512.1292 1874.9089 2003.4804 2113.3828 2241.5666 2380.2384 2749.2834 3153.1802 3588.1749 3748.1217 3801.2655 3854.4094 3907.5532 3960.6971 4013.841 4187.8077 4402.9039 4618.0001 4833.0963 5048.1926 5263.2888 -9999
-9999 -9999 -9999 -9999 -9999 -9999 -9999 -9999 -9999 -9999 -9999 -9999 -9999 -9999 -9999 1985.7098 1478.1195 1357.6022 1367.2003 1381.8004 1392.9146 1396.7575 1316.9854 1287.4283 1295.7139 1326.0581 1273.9271 1159.8156 1005.4008 866.93093 737.18618 588.07055 447.32748 310.67829 207.27633 173.1218 191.66117 268.56153 403.48892 539.34952 656.10119 817.98725 997.00423 1128.814 1186.6578 1686.4203 1934.831 2015.5684 2111.8557 2348.8285 2736.1564 3123.4844 3597.0557 3650.1996 3703.3434 3756.4873 3809.6311 3862.775 4046.8705 4261.9667 4477.0629 4692.1592 4907.2554 5122.3516 5337.4478 -9999 -9999
-9999 -9999 -9999 -9999 -9999 -9999 -9999 -9999 -9999 -9999 -9999 -9999 -9999 -9999 2067.3818 1559.7914 1303.8975 1265.1779 1206.1557 1118.5577 1199.5291 1189.7303 1137.1572 1129.5339 1179.2275 1274.477 1191.8827 1123.9813 965.89143 859.44976 731.05468 594.80648 435.26558 293.36401 152.4645 35.756568 144.84308 283.97271 423.71155 557.99964 717.03929 839.4886 995.37698 1193.8591 1313.1933 1778.8761 1842.3335 1933.7068 2270.4258 2648.4013 3212.9461 3499.1336 3552.2774 3605.4213 3658.5652 3711.709 3905.9333 4121.0295 4336.1258 4551.222 4766.3182 4981.4144 5196.5106 -9999 -9999 -9999 -9999
-9999 -9999 -9999 -9999 -9999 -9999 -9999 -9999 -9999 -9999 -9999 -9999 -9999 -9999 1641.4633 1365.1371 1177.17 1136.9631 948.73141 961.82151 1018.1363 1082.4031 1046.9151 1034.8287 1222.7813 1240.4761 1175.2189 1041.547 921.71474 817.80203 703.14514 548.06745 411.21581 275.40765 140.347 124.08258 176.42887 300.09251 439.15918 597.54941 707.53841 891.51641 1065.1747 1246.803 1435.8674 1671.6361 1804.6952 2217.4973 2782.0421 3346.5869 3401.2115 3454.3553 3507.4992 3560.643 3764.9961 3980.0924 4195.1886 4410.2848 4625.381 4840.4773 5055.5735 5270.6697 -9999 -9999 -9999 -9999 -9999
-9999 -9999 -9999 -9999 -9999 -9999 -9999 -9999 -9999 -9999 -9999 -9999 -9999 1723.1352 1432.8876 1198.379 1056.3377 1006.1279 791.55628 838.25655 852.30039 903.44444 936.87279 957.19842 1086.8649 1199.4053 1138.9417 1048.6384 943.46744 819.37425 671.31165 534.4692 402.20703 295.71437 281.12058 264.36817 250.7626 353.42845 452.28176 595.63583 701.59236 991.78619 1246.0357 1406.1275 1528.3655 1786.5934 2351.1381 2915.6829 3250.1455 3303.2893 3356.4332 3409.5771 3624.059 3839.1552 4054.2514 4269.3476 4484.4439 4699.5401 4914.6363 5129.7325 5344.8287 -9999 -9999 -9999 -9999 -9999 -9999
-9999 -9999 -9999 -9999 -9999 -9999 -9999 -9999 -9999 -9999 -9999 -9999 1804.8072 1500.6381 1266.1295 1037.9365 914.81643 725.73413 684.28304 747.83287 704.59537 752.12272 784.83328 849.87258 988.24712 1085.8505 1147.7755 1038.3438 896.37356 766.53944 664.31901 531.81205 450.98996 434.79788 419.69942 475.41562 409.25903 401.99146 570.04749 680.44101 783.27922 1045.5997 1318.9457 1624.3175 1920.2342 2484.7789 3049.3237 3152.2234 3205.3672 3268.0256 3483.1218 3698.218 3913.3142 4128.4105 4343.5067 4558.6029 4773.6991 4988.7953 5203.8916 5418.9878 -9999 -9999 -9999 -9999 -9999 -9999 -9999
-9999 -9999 -9999 -9999 -9999 -9999 -9999 -9999 -9999 -9999 -9999 1886.4791 1568.3886 1333.88 1099.3714 975.63474 842.53128 536.30319 573.17451 675.47925 621.98039 634.07834 702.34095 769.41825 989.87639 1131.5214 1155.0534 1001.2437 964.05058 880.04729 657.78511 605.14261 586.40504 572.96724 559.55418 546.256 524.78392 616.57578 911.82143 1001.9895 1137.2246 1423.1138 1765.0414 2053.875 2618.4197 3001.1574 3054.3013 3127.0884 3342.1846 3557.2808 3772.3771 3987.4733 4202.5695 4417.6657 4632.762 4847.8582 5062.9544 5278.0506 -9999 -9999 -9999 -9999 -9999 -9999 -9999 -9999 -9999
-9999 -9999 -9999 -9999 -9999 -9999 -9999 -9999 -9999 -9999 1968.151 1636.1391 1401.6305 1190.3344 1118.2141 1013.1288 883.67486 401.71589 448.91376 501.18434 516.83302 525.4862 588.45656 738.71753 1012.598 1104.3702 1127.7211 1029.9763 939.23732 782.97756 762.63866 752.03901 726.60285 709.22303 696.27804 666.10608 663.55467 1021.4172 1253.6567 1314.2258 1471.1859 1804.7822 2187.5158 2752.0605 2903.2353 2986.1512 3201.2474 3416.3437 3631.4399 3846.5361 4061.6323 4276.7286 4491.8248 4706.921 4922.0172 5137.1134 5352.2097 -9999 -9999 -9999 -9999 -9999 -9999 -9999 -9999 -9999 -9999
-9999 -9999 -9999 -9999 -9999 -9999 -9999 -9999 -9999 2049.8229 1703.8896 1469.381 1314.2596 1242.1393 1161.8986 1054.7375 347.24948 303.0935 262.37787 285.09 389.39759 513.91583 644.07323 741.982 905.13839 1050.8359 1100.4189 1030.7321 928.34542 930.11171 908.93616 899.19169 887.26865 856.87144 823.33426 770.95962 1009.4632 1355.487 1583.8272 1677.9212 1921.7775 2321.1566 2752.1693 2845.214 3060.3103 3275.4065 3490.5027 3705.5989 3920.6952 4135.7914 4350.8876 4565.9838 4781.08 4996.1763 5211.2725 5426.3687 -9999 -9999 -9999 -9999 -9999 -9999 -9999 -9999 -9999 -9999 -9999
-9999 -9999 -9999 -9999 -9999 -9999 -9999 -9999 -9999 1771.6401 1537.1315 1438.1848 1366.0645 1293.9442 1201.5309 290.98915 168.82326 225.62142 132.23967 256.11043 380.43239 481.24278 557.88591 828.61588 819.3062 961.68664 1044.1687 1078.3376 1065.1746 1035.792 1076.4006 1048.1021 1029.4511 1012.1803 931.1847 974.25107 1266.3938 1599.5858 1936.8894 2204.3214 2454.7974 2704.2769 2919.3731 3134.4693 3349.5655 3564.6618 3779.758 3994.8542 4209.9504 4425.0467 4640.1429 4855.2391 5070.3353 5285.4315 5500.5278 -9999 -9999 -9999 -9999 -9999 -9999 -9999 -9999 -9999 -9999 -9999 -9999
-9999 -9999 -9999 -9999 -9999 -9999 -9999 -9999 1839.3906 1634.2303 1562.11 1489.9897 1417.8694 1345.7491 435.80442 314.90869 188.86721 58.436262 289.44087 342.86528 390.31186 484.41653 567.03274 666.79985 784.94713 927.33216 1032.8903 1139.8033 1214.6606 1191.5052 1186.7363 1183.178 1141.8678 1110.7813 1069.5343 1216.8863 1565.7636 1892.004 2218.2445 2555.8036 2778.4359 2993.5321 3208.6284 3423.7246 3638.8208 3853.917 4069.0133 4284.1095 4499.2057 4714.3019 4929.3981 5144.4944 5359.5906 -9999 -9999 -9999 -9999 -9999 -9999 -9999 -9999 -9999 -9999 -9999 -9999 -9999 -9999
-9999 -9999 -9999 -9999 -9999 -9999 -9999 1907.1411 1758.1555 1686.0352 1613.9149 1541.7946 1472.3294 578.98169 464.34031 341.54526 209.40345 346.68342 423.87171 437.2463 501.09172 751.12172 699.81925 729.11575 859.35926 969.38781 994.72423 1261.7027 1263.6008 1298.473 1298.0002 1321.7851 1235.3948 1191.1742 1348.3313 1529.4038 1865.1334 2191.3738 2596.2848 2852.595 3067.6912 3282.7874 3497.8836 3712.9799 3928.0761 4143.1723 4358.2685 4573.3647 4788.461 5003.5572 5218.6534 5433.7496 -9999 -9999 -9999 -9999 -9999 -9999 -9999 -9999 -9999 -9999 -9999 -9999 -9999 -9999 -9999
-9999 -9999 -9999 -9999 -9999 -9999 1974.8916 1882.0807 1809.9604 1742.2731 1679.4598 1600.1135 1553.0528 609.56827 489.28148 365.17931 342.81585 442.76722 422.17647 529.55469 591.09904 315.67363 827.04744 788.08939 903.46951 1039.0017 1116.0833 1370.7185 1425.8942 1444.8665 1429.7487 1409.9505 1398.7269 1441.4429 1605.4798 1858.863 2164.4198 2636.7659 2926.754 3141.8502 3356.9465 3572.0427 3787.1389 4002.2351 4217.3314 4432.4276 4647.5238 4862.62 5077.7162 5292.8125 5507.9087 -9999 -9999 -9999 -9999 -9999 -9999 -9999 -9999 -9999 -9999 -9999 -9999 -9999 -9999 -9999 -9999
-9999 -9999 -9999 -9999 -9999 2078.1262 2006.6034 1925.2684 1843.9334 1762.5984 1715.4563 1682.7598 867.29477 646.84772 521.10108 451.00831 493.7355 494.87347 498.23252 516.49533 374.39879 61.410747 812.56652 929.90182 949.65414 1065.6708 1221.7803 1432.5934 1577.324 1600.6248 1554.6662 1557.7498 1646.4946 1744.3872 1878.3058 2204.9009 2677.2471 3000.9131 3216.0093 3431.1055 3646.2017 3861.298 4076.3942 4291.4904 4506.5866 4721.6828 4936.7791 5151.8753 5366.9715 -9999 -9999 -9999 -9999 -9999 -9999 -9999 -9999 -9999 -9999 -9999 -9999 -9999 -9999 -9999 -9999 -9999 -9999
-9999 -9999 -9999 -9999 2275.9554 1993.3942 2006.4182 1925.0832 1867.9725 1799.4497 1785.8055 1772.2675 829.14232 692.32722 562.12304 607.49773 625.87513 611.09387 593.35371 555.92327 279.59915 186.37211 103.55447 623.95155 1072.2263 1125.2029 1268.4647 1465.2502 1693.7592 1757.0121 1675.072 1688.3357 1777.5049 1901.3011 2245.3821 2717.7283 3075.0721 3290.1683 3505.2646 3720.3608 3935.457 4150.5532 4365.6494 4580.7457 4795.8419 5010.9381 5226.0343 5441.1306 -9999 -9999 -9999 -9999 -9999 -9999 -9999 -9999 -9999 -9999 -9999 -9999 -9999 -9999 -9999 -9999 -9999 -9999 -9999
-9999 -9999 -9999 -9999 2017.1083 1887.6888 1896.2121 1848.8531 1928.6336 1924.9532 1912.0665 1350.6735 872.06412 744.84133 691.73219 754.4025 786.69314 667.54198 574.14156 413.95295 316.60617 237.90619 172.94975 130.00846 189.18788 558.93784 1350.8858 1507.4456 1908.271 1834.8751 1761.5719 1779.3798 1976.8068 2285.6652 2758.2094 3149.2312 3364.3274 3579.4236 3794.5198 4009.6161 4224.7123 4439.8085 4654.9047 4870.0009 5085.0972 5300.1934 5515.2896 -9999 -9999 -9999 -9999 -9999 -9999 -9999 -9999 -9999 -9999 -9999 -9999 -9999 -9999 -9999 -9999 -9999 -9999 -9999 -9999
-9999 -9999 -9999 2779.5611 1923.2109 1816.9825 1765.2851 1720.2657 1715.692 1862.1089 1780.7388 1033.9733 914.88654 804.83844 814.37605 854.53927 844.42078 714.44616 602.0861 493.41272 399.562 307.39708 278.95863 268.53613 373.81001 385.65708 1359.0734 1479.3924 1995.4339 1932.2603 1868.638 2052.3124 2342.7764 2798.6906 3223.3902 3438.4864 3653.5827 3868.6789 4083.7751 4298.8713 4513.9675 4729.0638 4944.16 5159.2562 5374.3524 5589.4487 -9999 -9999 -9999 -9999 -9999 -9999 -9999 -9999 -9999 -9999 -9999 -9999 -9999 -9999 -9999 -9999 -9999 -9999 -9999 -9999 -9999
-9999 -9999 3007.5062 2809.1669 2204.2347 1769.3223 1639.6214 1591.5824 1678.363 1698.09 1189.1943 1108.8152 1020.202 1105.5096 1043.0522 960.60656 853.61748 754.94577 672.21932 585.82915 461.13741 446.10545 392.79725 389.34028 486.20429 1383.2747 1397.6561 1400.7819 2084.6527 2015.8336 2127.8181 2418.2821 2839.1717 3297.5493 3512.6455 3727.7417 3942.8379 4157.9341 4373.0304 4588.1266 4803.2228 5018.319 5233.4153 5448.5115 -9999 -9999 -9999 -9999 -9999 -9999 -9999 -9999 -9999 -9999 -9999 -9999 -9999 -9999 -9999 -9999 -9999 -9999 -9999 -9999 -9999 -9999 -9999
-9999 2856.1267 2914.5309 2641.4558 2196.3553 1763.0705 1621.5003 1504.9567 1399.8008 1362.709 1329.8228 1260.4447 1180.9916 1231.2928 1110.2343 975.37208 872.28867 786.1939 701.19058 639.06379 560.42153 570.01745 513.74927 607.36088 1232.23 1292.7801 1308.2715 2230.0684 2171.3527 2203.3237 2493.7877 2879.6529 3351.9991 3586.8045 3801.9007 4016.997 4232.0932 4447.1894 4662.2856 4877.3819 5092.4781 5307.5743 5522.6705 -9999 -9999 -9999 -9999 -9999 -9999 -9999 -9999 -9999 -9999 -9999 -9999 -9999 -9999 -9999 -9999 -9999 -9999 -9999 -9999 -9999 -9999 -9999 -9999
-9999 2768.2067 2544.6329 2445.1312 2193.4226 1869.7542 1656.0634 1603.2134 1541.5591 1539.0086 1482.2749 1404.547 1297.8719 1203.0862 1110.903 1041.0993 967.46747 855.32915 793.50287 850.70816 779.60683 742.68949 696.80322 746.94968 1131.8344 1131.4255 2374.5107 2326.8719 2304.8266 2569.2933 2920.1341 3392.4802 3660.9636 3876.0598 4091.156 4306.2522 4521.3485 4736.4447 4951.5409 5166.6371 5381.7334 5596.8296 -9999 -9999 -9999 -9999 -9999 -9999 -9999 -9999 -9999 -9999 -9999 -9999 -9999 -9999 -9999 -9999 -9999 -9999 -9999 -9999 -9999 -9999 -9999 -9999 -9999
2580.8874 2539.5538 2333.4194 2308.2092 2195.4087 1880.6247 1797.9397 1728.197 1660.4663 1654.4073 1595.9885 1497.7383 1357.2631 1263.4026 1206.4775 1163.0339 1012.5328 938.07274 915.69817 901.90673 886.35022 920.0675 903.6217 1057.7326 2534.1347 2518.9531 2482.391 2460.3457 2644.799 2960.5194 3432.9614 3735.1226 3950.2188 4165.3151 4380.4113 4595.5075 4810.6037 5025.7 5240.7962 5455.8924 5670.9886 -9999 -9999 -9999 -9999 -9999 -9999 -9999 -9999 -9999 -9999 -9999 -9999 -9999 -9999 -9999 -9999 -9999 -9999 -9999 -9999 -9999 -9999 -9999 -9999 -9999 -9999
2494.457 2395.4555 2294.6059 2189.3625 2085.2889 2044.7498 1956.5887 1852.0539 1756.7167 1700.6465 1617.0782 1477.2168 1441.0869 1360.8952 1287.5822 1145.9591 1118.1537 1066.1674 1055.4809 1118.3946 1135.7439 1135.3902 1035.3159 974.42753 2663.3954 2637.9102 2615.8649 2720.3046 3010.7686 3473.4426 3809.2817 4024.3779 4239.4741 4454.5703 4669.6666 4884.7628 5099.859 5314.9552 5530.0515 -9999 -9999 -9999 -9999 -9999 -9999 -9999 -9999 -9999 -9999 -9999 -9999 -9999 -9999 -9999 -9999 -9999 -9999 -9999 -9999 -9999 -9999 -9999 -9999 -9999 -9999 -9999 -9999
2579.501 2505.0897 2404.3133 2316.2847 2225.1924 2118.5421 2021.8468 1911.5477 1798.7736 1710.1712 1639.2157 1589.7337 1498.6455 1369.2089 1322.4045 1271.8615 1247.0857 1242.5504 1189.6564 1231.7667 1249.1159 1209.117 1171.0902 2815.4746 2793.4293 2771.384 2795.8103 3086.2742 3513.9237 3883.4407 4098.5369 4313.6332 4528.7294 4743.8256 4958.9218 5174.0181 5389.1143 5604.2105 -9999 -9999 -9999 -9999 -9999 -9999 -9999 -9999 -9999 -9999 -9999 -9999 -9999 -9999 -9999 -9999 -9999 -9999 -9999 -9999 -9999 -9999 -9999 -9999 -9999 -9999 -9999 -9999 -9999
2658.0348 2557.1953 2521.015 2422.1556 2313.3304 2193.2741 2087.6736 1971.0415 1842.2363 1785.2277 1740.5256 1706.0917 1634.7512 1556.9786 1502.6781 1424.1577 1351.1401 1361.5494 1341.7474 1342.6119 1355.512 1276.0798 2970.9938 2948.9485 2926.9032 2904.8579 3161.7799 3554.4049 3957.5998 4172.696 4387.7922 4602.8884 4817.9847 5033.0809 5248.1771 5463.2733 5678.3696 -9999 -9999 -9999 -9999 -9999 -9999 -9999 -9999 -9999 -9999 -9999 -9999 -9999 -9999 -9999 -9999 -9999 -9999 -9999 -9999 -9999 -9999 -9999 -9999 -9999 -9999 -9999 -9999 -9999 -9999
-9999 2606.8988 2551.1637 2518.3189 2366.4786 2256.5705 2127.726 1989.4788 1940.3919 1912.0723 1882.9302 1817.4017 1834.5469 1821.7208 1691.2386 1606.7789 1532.6851 1520.4062 1497.1306 1450.6816 3187.0536 3128.4049 3104.4676 3082.4223 3060.377 3237.2855 3594.886 4031.7588 4246.855 4461.9513 4677.0475 4892.1437 5107.2399 5322.3362 5537.4324 -9999 -9999 -9999 -9999 -9999 -9999 -9999 -9999 -9999 -9999 -9999 -9999 -9999 -9999 -9999 -9999 -9999 -9999 -9999 -9999 -9999 -9999 -9999 -9999 -9999 -9999 -9999 -9999 -9999 -9999 -9999 -9999
-9999 2681.9207 2590.7321 2531.6075 2397.4816 2284.1874 2144.668 2088.362 2080.9124 2061.6103 2005.2021 1951.5195 1974.1673 1971.3731 1899.5092 1790.9007 1731.7256 3199.7234 3417.4154 3358.0519 3299.324 3259.9868 3237.9415 3215.8962 3312.7912 3635.3672 4105.9179 4321.0141 4536.1103 4751.2065 4966.3028 5181.399 5396.4952 5611.5914 -9999 -9999 -9999 -9999 -9999 -9999 -9999 -9999 -9999 -9999 -9999 -9999 -9999 -9999 -9999 -9999 -9999 -9999 -9999 -9999 -9999 -9999 -9999 -9999 -9999 -9999 -9999 -9999 -9999 -9999 -9999 -9999 -9999
-9999 2766.623 2639.9884 2556.5729 2432.258 2301.8199 2232.5859 2250.3157 2226.1898 2226.673 2170.2137 2146.1292 2151.7536 2079.8897 3800.1671 3724.3274 3652.3809 3591.5103 3529.0485 3470.3224 3414.1078 3393.4606 3371.4153 3388.2968 3678.7608 4148.1945 4395.1731 4610.2694 4825.3656 5040.4618 5255.558 5470.6543 5685.7505 -9999 -9999 -9999 -9999 -9999 -9999 -9999 -9999 -9999 -9999 -9999 -9999 -9999 -9999 -9999 -9999 -9999 -9999 -9999 -9999 -9999 -9999 -9999 -9999 -9999 -9999 -9999 -9999 -9999 -9999 -9999 -9999 -9999 -9999
-9999 2851.3252 2705.8066 2575.8731 2465.389 2345.0266 2397.5516 2446.6276 2405.0551 2401.6173 2384.0772 4122.0709 4046.6879 3970.5145 3894.4025 3822.7867 3762.4329 3701.2095 3641.3207 3582.5928 3548.9798 3526.9345 3504.8892 3754.2664 4188.6757 4469.3322 4684.4284 4899.5246 5114.6209 5329.7171 5544.8133 5759.9095 -9999 -9999 -9999 -9999 -9999 -9999 -9999 -9999 -9999 -9999 -9999 -9999 -9999 -9999 -9999 -9999 -9999 -9999 -9999 -9999 -9999 -9999 -9999 -9999 -9999 -9999 -9999 -9999 -9999 -9999 -9999 -9999 -9999 -9999 -9999
-9999 2946.0321 2790.5089 2640.1204 2522.1518 2455.1648 2721.6345 2746.3541 2541.2407 4347.2091 4279.3388 4214.8309 4140.8619 4064.6886 3993.1925 3928.0058 3875.3044 3812.2631 3753.5912 3704.1399 3682.4536 3660.4083 3829.7721 4229.1569 4543.4912 4758.5875 4973.6837 5188.7799 5403.8761 5618.9724 -9999 -9999 -9999 -9999 -9999 -9999 -9999 -9999 -9999 -9999 -9999 -9999 -9999 -9999 -9999 -9999 -9999 -9999 -9999 -9999 -9999 -9999 -9999 -9999 -9999 -9999 -9999 -9999 -9999 -9999 -9999 -9999 -9999 -9999 -9999 -9999 -9999
-9999 3054.8904 2868.7436 2745.0083 2613.1593 2623.2518 2959.9396 3046.0805 2810.1495 4429.8996 4374.9776 4311.2093 4235.036 4163.5983 4093.5788 4043.2903 3985.0036 3924.5895 3865.8616 3837.9728 3815.9275 3905.2777 4269.638 4617.6503 4832.7465 5047.8427 5262.939 5478.0352 5693.1314 -9999 -9999 -9999 -9999 -9999 -9999 -9999 -9999 -9999 -9999 -9999 -9999 -9999 -9999 -9999 -9999 -9999 -9999 -9999 -9999 -9999 -9999 -9999 -9999 -9999 -9999 -9999 -9999 -9999 -9999 -9999 -9999 -9999 -9999 -9999 -9999 -9999 -9999
